,FLR_open,FLR_high,FLR_low,FLR_close,FLR_volume
2023-10-13,37.1700,37.2950,35.5500,36.1500,1835487
2023-10-12,37.8600,37.9100,36.6900,37.0100,1320323
2023-10-11,37.3000,37.8100,37.1000,37.7200,1212604
2023-10-10,37.0500,37.7500,37.0000,37.3000,2083927
2023-10-09,36.6500,36.9900,36.5100,36.6400,1555386
2023-10-06,35.0200,36.9100,34.8800,36.6700,1714541
2023-10-05,35.2200,35.6900,34.7500,35.0500,1861942
2023-10-04,35.6300,36.0200,34.8900,35.4600,2889561
2023-10-03,35.3600,35.5299,34.3300,34.6200,1988461
2023-10-02,36.5100,36.6400,35.0800,35.5800,1924664
2023-09-29,36.8800,37.1400,36.2800,36.7000,1694567
2023-09-28,36.3700,37.2000,36.2700,36.6200,1316358
2023-09-27,36.5200,37.0700,36.2800,36.6600,1709996
2023-09-26,36.0900,37.2400,36.0000,36.3300,2567568
2023-09-25,36.0300,36.5400,35.6200,36.1900,4758427
2023-09-22,37.5400,37.9100,36.6600,36.8700,1069273
2023-09-21,37.5000,37.6800,36.9600,37.4000,1061489
2023-09-20,38.2200,38.8700,37.6950,37.7100,1742276
2023-09-19,36.7200,38.6900,36.6100,38.2000,4881874
2023-09-18,35.7100,36.8250,35.4400,36.6000,1525311
2023-09-15,35.6800,36.1000,35.3200,35.5600,3423844
2023-09-14,34.5700,35.6700,34.4717,35.5900,1521865
2023-09-13,35.1100,35.2650,34.0400,34.1800,1178905
2023-09-12,35.1500,35.7300,35.1000,35.1200,786696
2023-09-11,35.1500,35.4400,34.9600,35.2200,1246660
2023-09-08,35.3000,35.3450,34.7400,35.0000,4696773
2023-09-07,35.8300,36.1400,35.1600,35.3800,3486375
2023-09-06,36.3600,36.7400,35.7000,36.1700,1246117
2023-09-05,35.4500,36.6400,35.4000,36.3900,3015522
2023-09-01,35.2400,36.0800,35.1950,35.7000,1584314
2023-08-31,34.8900,35.7400,34.7800,34.9900,1795078
2023-08-30,34.3600,34.9000,34.3000,34.7800,1192903
2023-08-29,34.3500,34.6400,34.0900,34.2600,1010378
2023-08-28,33.8800,34.7000,33.8800,34.4900,2798672
2023-08-25,32.9300,34.1500,32.7531,33.7200,2094579
2023-08-24,33.0000,33.3200,32.6100,32.7400,1706984
2023-08-23,33.4000,33.4700,32.8300,33.1200,1714818
2023-08-22,33.8800,34.0180,33.1700,33.3200,1331727
2023-08-21,33.4500,33.8100,33.1300,33.7400,1280971
2023-08-18,32.7100,33.5500,32.6000,33.4000,1239670
2023-08-17,33.8000,34.0300,33.0200,33.0300,1580353
2023-08-16,34.4400,34.6700,33.6400,33.6400,1773002
2023-08-15,34.5300,34.7400,34.0200,34.3700,1560297
2023-08-14,34.6000,35.2100,34.5200,34.7800,1377395
2023-08-11,34.9700,35.2900,34.6000,34.6600,1556278
2023-08-10,35.5800,35.9159,34.5350,34.7800,2205159
2023-08-09,35.5600,35.6100,34.7205,35.3400,2406592
2023-08-08,34.2500,35.5800,34.1000,35.3900,5443897
2023-08-07,34.6300,34.9650,33.7100,34.2400,8486320
2023-08-04,36.7800,37.2000,34.3800,35.9400,8023917
2023-08-03,31.0000,31.4600,30.7300,31.1000,2333547
2023-08-02,30.8400,31.2100,30.6500,31.0800,942299
2023-08-01,30.7800,31.4300,30.7300,31.2300,1115398
2023-07-31,30.8400,31.2900,30.8400,30.9800,907955
2023-07-28,30.4700,31.0650,30.3800,30.6400,978229
2023-07-27,31.1100,31.1100,30.0900,30.2400,722010
2023-07-26,30.6600,31.1050,30.6600,30.7900,1078328
2023-07-25,30.6600,30.8700,30.5300,30.7600,809128
2023-07-24,30.3200,30.9000,30.1100,30.7100,1027549
2023-07-21,31.0200,31.1200,30.3000,30.3600,1283364
2023-07-20,31.4700,31.5300,30.5650,30.7300,1121087
2023-07-19,31.5500,31.7500,30.9800,31.2900,1851455
2023-07-18,30.6400,31.6000,30.6400,31.5600,1497443
2023-07-17,30.2100,30.5500,29.9400,30.5400,1945281
2023-07-14,31.0000,31.0000,30.0600,30.2300,933830
2023-07-13,31.1000,31.2400,30.6900,31.0000,1027744
2023-07-12,31.5800,31.6500,30.9300,31.0400,1405132
2023-07-11,29.9700,30.9000,29.9600,30.9000,2577492
2023-07-10,29.3900,29.8100,29.2300,29.7300,1980948
2023-07-07,28.6500,29.6050,28.6300,29.4300,1793132
2023-07-06,28.6400,28.8700,28.0200,28.6100,906113
2023-07-05,29.4100,29.4450,28.8700,28.8900,1638486
2023-07-03,29.3100,29.7100,29.2100,29.6100,566866
2023-06-30,30.0000,30.0000,29.5450,29.6000,1014256
2023-06-29,28.7900,29.7100,28.7900,29.6900,967665
2023-06-28,29.1100,29.1100,28.7425,28.9300,1056075
2023-06-27,28.7800,29.3400,28.5200,29.1300,2260200
2023-06-26,28.2600,28.9700,28.2600,28.6300,819327
2023-06-23,28.0000,28.5850,27.9500,28.3700,1664333
2023-06-22,29.3100,29.3500,28.4300,28.4600,1271242
2023-06-21,28.7200,29.4450,28.6400,29.3800,900328
2023-06-20,28.7900,29.0100,28.6100,28.9400,985492
2023-06-16,29.6600,29.7000,29.0000,29.0900,1537691
2023-06-15,29.0600,29.6300,28.7400,29.4400,1311085
2023-06-14,29.8700,29.9450,29.0600,29.4100,900566
2023-06-13,29.4900,30.0500,29.4250,29.5700,1079598
2023-06-12,29.2200,29.4850,28.9559,29.2700,862095
2023-06-09,29.5600,29.6750,28.8200,29.1200,1152105
2023-06-08,29.7800,30.1600,29.5400,29.8500,1245464
2023-06-07,30.4400,30.6980,29.7000,29.8000,1912979
2023-06-06,29.0400,30.3900,29.0400,30.2500,1572549
2023-06-05,29.5300,29.5500,28.7000,29.2700,1469749
2023-06-02,27.2200,29.5800,27.0300,29.5300,3104824
2023-06-01,26.8100,26.9200,26.2400,26.5800,1577851
2023-05-31,27.1500,27.3800,26.5000,26.5600,5786745
2023-05-30,27.2900,27.6800,27.0800,27.3800,1322085
2023-05-26,26.8800,27.4500,26.8050,27.1900,1615464
2023-05-25,26.6600,26.9500,26.4350,26.7700,1549978
2023-05-24,27.8700,27.8700,26.8700,26.8800,753963
2023-05-23,27.8600,28.2881,27.6200,27.8100,1140464
2023-05-22,27.8300,28.2000,27.5250,27.9900,993752
2023-05-19,28.7500,28.8300,27.4500,27.7800,1342022
2023-05-18,27.9300,28.6300,27.6800,28.4100,1392055
2023-05-17,26.8100,27.9700,26.5700,27.8900,2193930
2023-05-16,26.6600,26.8800,26.1350,26.6300,1294921
2023-05-15,25.8700,27.0500,25.6900,27.0300,2279319
2023-05-12,26.5400,26.6300,25.7000,25.8300,1147335
2023-05-11,26.3800,26.8400,26.3300,26.4600,2179231
2023-05-10,27.4100,27.4100,26.5950,26.9200,1949567
2023-05-09,27.1400,27.4250,26.4000,26.8400,2171671
2023-05-08,27.5800,27.6150,26.9100,27.2400,1796300
2023-05-05,26.6000,27.3450,26.0100,27.2100,3454773
2023-05-04,27.8400,27.8600,26.9600,27.4100,1805283
2023-05-03,28.2400,28.6100,27.9000,27.9400,1472653
2023-05-02,28.7900,28.9800,28.1150,28.2000,2328676
2023-05-01,29.1400,29.6100,28.9400,29.0300,852646
2023-04-28,28.7800,29.4550,28.7800,29.0600,3672656
2023-04-27,28.6700,29.1100,28.3500,29.0600,724600
2023-04-26,28.5100,28.9550,28.4550,28.6000,1025123
2023-04-25,29.2800,29.4300,28.7600,28.8500,902690
2023-04-24,29.6800,30.1300,29.5500,29.7700,996132
2023-04-21,29.7000,29.8500,29.1350,29.5300,1119288
2023-04-20,29.7600,29.9500,29.5429,29.9300,665474
2023-04-19,30.2600,30.3200,29.8600,30.0400,822996
2023-04-18,30.7300,30.9700,30.3200,30.5600,738765
2023-04-17,30.3600,30.6800,30.2400,30.6400,764553
2023-04-14,30.6800,31.0950,30.1100,30.4400,1286940
2023-04-13,30.4900,30.5150,29.8500,30.1500,1635623
2023-04-12,30.2900,30.6500,30.0000,30.4500,1078438
2023-04-11,30.1300,30.3050,29.8600,29.9500,1448456
2023-04-10,28.4000,29.9000,28.4000,29.8600,1291321
2023-04-06,28.8800,28.9400,28.3800,28.4400,2390963
2023-04-05,29.3900,29.5000,28.3700,28.8400,1856056
2023-04-04,31.1500,31.1500,29.4900,29.6700,2111820
2023-04-03,31.1500,31.8000,30.6200,31.4200,2227919
2023-03-31,30.4800,30.9300,30.3510,30.9100,2427273
2023-03-30,30.0000,30.2500,29.4900,30.0800,1600859
2023-03-29,29.6900,29.7000,29.2650,29.6800,1131313
2023-03-28,29.1200,29.7200,29.1200,29.3000,966876
2023-03-27,29.7800,29.7900,28.7600,29.2300,1493463
2023-03-24,28.7600,29.2500,28.5650,29.2000,1348222
2023-03-23,29.7500,30.3165,29.0900,29.4000,1178428
2023-03-22,30.7200,30.7200,29.6900,29.7400,1237826
2023-03-21,30.6900,31.1650,30.5100,30.8000,1621619
2023-03-20,29.5900,30.3950,29.4100,29.9600,1827472
2023-03-17,29.6000,29.6000,28.4300,29.1600,3495774
2023-03-16,29.5800,30.4700,29.2400,30.0100,1861978
2023-03-15,31.4700,31.5000,28.9500,30.3300,3830369
2023-03-14,33.7400,33.9500,32.1100,32.4700,2078157
2023-03-13,32.5200,33.4000,32.1900,32.8200,2251222
2023-03-10,34.4500,34.4500,32.9500,33.3400,1856135
2023-03-09,35.9400,36.1350,34.3600,34.5100,1892963
2023-03-08,36.5900,36.8100,35.5050,35.7200,1802480
2023-03-07,36.9400,37.4600,36.6300,36.8100,1012268
2023-03-06,37.2500,37.5600,36.5200,36.8700,825467
2023-03-03,37.9300,38.2000,37.1300,37.5600,1192360
2023-03-02,37.4200,37.9690,37.2000,37.6000,1547931
2023-03-01,37.1500,37.8200,36.7600,37.6100,2847442
2023-02-28,36.0000,37.0800,35.8500,36.6700,1565118
2023-02-27,35.9500,36.2550,35.7400,35.8500,1573549
2023-02-24,36.2600,36.3000,35.2200,35.7600,1806232
2023-02-23,36.1700,37.0200,35.9850,36.5300,1420800
2023-02-22,36.8500,37.2500,35.4300,35.6200,1782189
2023-02-21,36.0900,37.5000,35.3500,36.5800,2305051
2023-02-17,36.7500,37.3600,36.4700,36.6500,2799646
2023-02-16,36.1200,36.9200,36.0500,36.4900,1368935
2023-02-15,36.1600,36.9500,35.9500,36.7600,957680
2023-02-14,35.7900,36.5200,35.6100,36.3900,1116439
2023-02-13,35.7700,36.1500,35.2500,36.0800,938051
2023-02-10,35.4000,35.8300,35.3900,35.6400,899509
2023-02-09,35.7500,35.9600,35.0718,35.2300,1086676
2023-02-08,35.9500,36.0600,35.5200,35.5500,1015598
2023-02-07,35.9700,36.3900,35.5100,36.1100,1183391
2023-02-06,36.2000,36.5500,35.5600,36.0000,987410
2023-02-03,36.2200,37.0642,36.1800,36.2500,1042857
2023-02-02,37.4200,37.4200,35.6600,36.1600,1549526
2023-02-01,36.7500,37.7200,36.2901,37.2400,2465848
2023-01-31,36.1200,36.7500,36.0000,36.7500,1532532
2023-01-30,37.0200,37.4200,36.1700,36.2100,913709
2023-01-27,36.5000,37.7300,36.3100,37.4200,1339028
2023-01-26,37.4700,37.7191,36.5400,36.6600,2388718
2023-01-25,36.6000,37.0700,36.2300,37.0400,1067508
2023-01-24,35.7500,36.9000,35.5650,36.8500,2056544
2023-01-23,36.2200,36.9000,35.8700,36.1300,1119394
2023-01-20,35.0600,36.1400,34.6650,36.1000,1162729
2023-01-19,35.0700,35.2100,34.5000,34.5900,1377734
2023-01-18,35.1300,35.5900,35.0400,35.2900,1452051
2023-01-17,36.2800,36.5600,35.0100,35.1300,1577332
2023-01-13,35.4500,36.5000,34.9000,36.3700,2901390
2023-01-12,34.3300,35.3600,33.8800,35.3200,1605477
2023-01-11,34.1700,34.6250,34.0350,34.1000,1280085
2023-01-10,33.0700,33.8700,32.1650,33.8200,1698364
2023-01-09,32.7600,33.5100,32.5500,33.2600,1877927
2023-01-06,32.1500,32.7800,32.0400,32.4900,3012067
2023-01-05,33.2000,33.2600,31.7500,31.7500,3493595
2023-01-04,33.3600,33.8500,32.8100,33.0200,1620536
2023-01-03,34.5300,34.9550,33.0600,33.3500,1229676
2022-12-30,34.7300,34.8500,34.3750,34.6600,675007
2022-12-29,34.7800,35.1600,34.4900,34.9500,687489
2022-12-28,35.2400,35.4900,34.6400,34.6600,1016201
2022-12-27,35.0900,35.4550,34.8000,35.0800,606145
2022-12-23,35.0000,35.2600,34.6200,35.1800,662350
2022-12-22,35.0200,35.0400,34.0600,34.8800,1389473
2022-12-21,34.6000,35.5900,34.6000,35.3500,1191239
2022-12-20,33.6800,34.6750,33.6800,34.4900,1023847
2022-12-19,33.6700,34.0000,33.1000,33.6100,923777
2022-12-16,33.7600,33.8200,32.9100,33.4600,2454084
2022-12-15,34.6400,34.7500,33.7200,34.1300,1558137
2022-12-14,35.2200,35.5000,34.7578,34.8700,1154776
2022-12-13,35.6900,35.8500,34.5600,35.2100,1442554
2022-12-12,33.8500,34.9800,33.6200,34.6200,1247586
2022-12-09,34.5900,34.7000,33.9400,34.0900,1449019
2022-12-08,34.6000,35.2649,34.2700,34.4500,892778
2022-12-07,34.3400,35.0800,34.1250,34.1900,751349
2022-12-06,34.7900,35.4700,34.2800,34.3500,1024104
2022-12-05,35.6500,35.7300,34.3010,34.6300,1771570
2022-12-02,33.5300,36.0588,33.3600,35.6600,1889146
2022-12-01,33.5800,34.0700,33.1772,33.7300,1649156
2022-11-30,32.6600,33.6300,32.2500,33.6100,1319243
2022-11-29,33.3000,33.6900,32.5300,32.5400,1784202
2022-11-28,33.7400,33.9800,32.7510,32.9900,1079954
2022-11-25,33.7300,34.2700,33.6350,34.1300,453084
2022-11-23,33.5000,33.9800,33.2500,33.7600,764442
2022-11-22,33.5000,33.9200,33.3300,33.6400,1264981
2022-11-21,33.1600,33.7800,32.8600,33.5400,1156314
2022-11-18,34.0700,34.3100,32.9900,33.5800,1019829
2022-11-17,33.3200,33.9400,33.0400,33.9000,1089977
2022-11-16,33.4200,33.9900,33.0700,33.8600,1346882
2022-11-15,33.7800,34.0100,33.0600,33.4600,2010290
2022-11-14,33.8300,34.4800,33.5350,33.6600,1850401
2022-11-11,33.9800,34.2550,33.2850,33.4700,1643801
2022-11-10,33.5600,33.7900,32.8000,33.7600,1832014
2022-11-09,33.8300,33.9600,32.0600,32.1100,2130665
2022-11-08,33.9500,34.6200,33.2300,33.8600,3607747
2022-11-07,32.6000,34.0000,32.3201,33.9700,3383545
2022-11-04,30.1500,32.0000,30.0100,31.7300,3385319
2022-11-03,29.7300,30.5850,29.5900,29.9000,2051135
2022-11-02,30.7500,31.1200,29.7400,29.7700,1475804
2022-11-01,30.6200,31.0200,30.3915,30.9700,1562721
2022-10-31,29.7600,30.8000,29.6048,30.2600,1902012
2022-10-28,29.5700,29.9400,29.1100,29.9400,1098969
2022-10-27,29.4600,29.9700,29.2450,29.3200,1774661
2022-10-26,29.1300,29.3550,28.7700,29.0100,827193
2022-10-25,28.6700,29.2000,28.5657,28.8300,940305
2022-10-24,28.7000,28.9700,28.3750,28.6400,1411957
2022-10-21,27.9600,28.6400,27.7200,28.5500,907899
2022-10-20,28.2600,28.5700,27.5400,27.6200,916773
2022-10-19,27.7000,28.2600,27.5000,28.2600,1267238
2022-10-18,27.7000,28.2250,27.7000,27.9400,1741469
2022-10-17,26.6500,27.3200,26.5600,27.2000,1554924
2022-10-14,27.9500,27.9700,25.9900,26.2000,1527405
2022-10-13,26.7000,28.2500,26.5400,27.8600,2180738
2022-10-12,27.4700,27.7500,27.0400,27.1400,1315346
2022-10-11,27.9500,28.4100,27.2750,27.6500,1601753
2022-10-10,28.5200,28.9800,28.2450,28.2700,1242373
2022-10-07,28.7700,28.8675,28.0200,28.3600,1496709
2022-10-06,28.3600,29.0500,28.3600,28.9300,2734285
2022-10-05,27.3600,28.8700,27.2100,28.4800,2838208
2022-10-04,27.5900,27.9700,27.3400,27.7700,1922199
2022-10-03,25.7100,27.2800,25.7100,27.0900,3025662
2022-09-30,24.3600,25.4500,24.2800,24.8900,3198725
2022-09-29,24.6600,24.9400,23.9000,24.4400,1490641
2022-09-28,23.9800,25.0300,23.9800,24.8000,2580926
2022-09-27,24.2300,24.5200,23.3700,23.6800,2624043
2022-09-26,24.4000,25.2400,23.9300,24.0500,2362170
2022-09-23,25.2700,25.6000,24.2800,24.7500,3893953
2022-09-22,25.9300,26.0000,25.3578,25.6500,1331579
2022-09-21,26.1800,26.7300,25.7300,25.7500,1926828
2022-09-20,25.7700,26.2400,25.6800,25.7800,1564987
2022-09-19,25.6400,26.5532,25.6400,26.1700,1258491
2022-09-16,26.0800,26.4000,25.4700,26.3300,1821228
2022-09-15,26.3900,26.6550,25.8100,26.3200,1037094
2022-09-14,26.5800,27.0050,26.0500,26.7300,879900
2022-09-13,26.9200,27.5400,26.5000,26.5800,967919
2022-09-12,28.0000,28.2000,27.4500,27.7600,1150616
2022-09-09,27.1400,27.9300,26.9800,27.8400,1239082
2022-09-08,25.9900,26.5300,25.8690,26.5200,833392
2022-09-07,25.5300,26.3600,25.3300,26.2000,1075252
2022-09-06,25.7900,25.9600,25.1200,25.6500,866588
2022-09-02,26.4600,26.5000,25.6200,25.6700,897529
2022-09-01,26.0800,26.2100,25.4300,25.9800,798360
2022-08-31,26.3300,26.8800,26.0300,26.4400,970811
2022-08-30,27.2500,27.2500,26.1700,26.4400,966277
2022-08-29,27.3300,27.7900,27.0300,27.3200,813222
2022-08-26,28.7300,28.7300,27.5900,27.7000,1086996
2022-08-25,27.8600,28.3700,27.7000,28.3500,1188614
2022-08-24,27.6000,27.9500,27.4100,27.8400,1149932
2022-08-23,26.9400,27.8100,26.9400,27.4700,1039605
2022-08-22,26.4100,26.7100,26.2300,26.6100,757206
2022-08-19,27.3200,27.3200,26.6250,26.9500,1221521
2022-08-18,27.6400,27.7300,27.0400,27.5700,815514
2022-08-17,27.3100,27.8900,27.1800,27.4700,1196188
2022-08-16,26.5000,27.6200,26.4580,27.6000,1977802
2022-08-15,26.3500,26.9000,26.0750,26.4900,1186181
2022-08-12,26.7800,26.8700,26.3300,26.8500,1079884
2022-08-11,26.0000,26.5600,25.8300,26.5300,1646256
2022-08-10,24.9900,25.7400,24.8000,25.7000,850845
2022-08-09,24.3000,25.0800,24.3000,24.5500,1236535
2022-08-08,23.4700,24.7500,23.4500,24.5300,2050351
2022-08-05,24.1100,24.7100,23.0300,23.0800,4103302
2022-08-04,25.2700,25.7300,24.8570,25.4000,1715494
2022-08-03,26.2100,26.3800,25.1000,25.1900,1342691
2022-08-02,25.1000,26.1300,24.8400,25.9800,1877886
2022-08-01,25.0200,25.4900,24.6100,25.0800,1524607
2022-07-29,25.8200,25.9400,25.3450,25.4100,1239645
2022-07-28,25.5000,26.0100,25.3500,25.5600,1689354
2022-07-27,25.0600,25.1950,24.5800,25.0200,1032901
2022-07-26,25.2500,25.6600,24.8000,24.8000,1197024
2022-07-25,24.2500,25.1500,24.0501,25.0900,823577
2022-07-22,24.3300,24.9950,24.3300,24.5900,777919
2022-07-21,24.5000,25.0700,23.9200,25.0700,792331
2022-07-20,24.8200,24.9700,24.2000,24.9500,996089
2022-07-19,24.0500,24.9400,24.0500,24.8100,856902
2022-07-18,23.9700,24.2800,23.7600,23.8700,1112990
2022-07-15,23.6300,23.7200,22.8200,23.6800,1072631
2022-07-14,22.5600,23.0450,22.1800,22.9500,2663444
2022-07-13,23.3300,23.6200,22.8400,23.2100,1294934
2022-07-12,23.7300,24.0200,23.5400,23.6900,1426196
2022-07-11,23.8100,24.2600,23.8100,24.0600,981615
2022-07-08,23.8600,24.5400,23.5600,24.2500,1456394
2022-07-07,22.8200,23.7850,22.8200,23.7400,1177722
2022-07-06,22.4100,22.7100,21.6750,22.3000,1242823
2022-07-05,23.0100,23.3300,22.0100,22.4700,1455870
2022-07-01,24.1200,24.3050,23.0500,23.5800,1515192
2022-06-30,22.7000,24.3600,22.7000,24.3400,1878321
2022-06-29,24.2400,24.5200,23.0100,23.3200,1029896
2022-06-28,24.4500,24.7800,23.9103,23.9400,1034068
2022-06-27,24.3400,24.8050,24.0100,24.4500,1671556
2022-06-24,23.5900,24.4700,22.9150,23.7200,7105661
2022-06-23,24.2000,24.3800,22.9600,23.2500,2381249
2022-06-22,24.2300,24.5800,23.7604,24.2100,2361197
2022-06-21,24.5800,25.1290,23.8600,24.8300,1628096
2022-06-17,25.3100,25.6600,24.0700,24.2200,2362288
2022-06-16,26.0400,26.4600,24.8700,25.0700,1598240
2022-06-15,26.8200,27.0900,26.1400,26.8300,1438858
2022-06-14,26.6300,27.2400,26.0703,26.6000,1492242
2022-06-13,26.9500,27.2550,26.2300,26.4300,1711437
2022-06-10,28.9100,29.3400,27.7500,27.9500,1700155
2022-06-09,28.8600,29.9050,28.6200,29.4900,1980061
2022-06-08,29.2900,29.8900,28.8600,29.1000,2033994
2022-06-07,27.9000,29.5100,27.6100,29.5100,1450797
2022-06-06,28.9000,28.9417,27.4300,27.7000,1900407
2022-06-03,28.4900,28.4900,27.7400,28.2700,828042
2022-06-02,27.8300,29.0400,27.7000,28.5500,1638656
2022-06-01,28.0400,28.5700,27.2200,27.8600,1884482
2022-05-31,27.9700,28.7900,27.6100,28.2300,2047259
2022-05-27,27.3200,27.9900,27.3200,27.9700,904970
2022-05-26,27.2200,27.6800,27.1200,27.1700,859683
2022-05-25,25.9500,27.1800,25.8900,26.8800,1166748
2022-05-24,26.1700,26.4500,25.5000,25.9200,1807870
2022-05-23,26.0200,26.8350,25.8700,26.5500,917776
2022-05-20,27.2400,27.5800,25.3900,26.0400,1457870
2022-05-19,25.8100,27.2200,25.7300,26.8100,1668218
2022-05-18,25.3000,27.0900,25.1700,25.9600,2370982
2022-05-17,25.5000,26.3400,24.2700,25.2000,4932049
2022-05-16,27.1600,27.6800,26.6850,27.1800,1119098
2022-05-13,26.7300,27.7200,26.6900,27.2600,1540847
2022-05-12,25.9100,26.1799,24.5800,25.8200,1849411
2022-05-11,25.3500,27.2600,25.3500,26.0600,2503087
2022-05-10,25.0800,26.3000,24.6936,25.4100,1802969
2022-05-09,26.2100,26.5650,24.3800,25.0200,2861372
2022-05-06,26.0100,26.7000,24.8600,26.6700,3633184
2022-05-05,26.3000,26.5000,25.3300,25.8500,1706887
2022-05-04,25.5100,26.5150,25.1200,26.4500,1191766
2022-05-03,24.8000,25.3450,24.3600,25.2600,1327662
2022-05-02,24.5500,24.9000,24.0600,24.6900,1138282
2022-04-29,25.5700,25.7000,24.5650,24.7500,1438914
2022-04-28,26.0800,26.2000,24.8900,25.6600,1091730
2022-04-27,26.0000,26.2600,25.4100,25.7500,1363259
2022-04-26,26.3200,26.7000,25.8200,25.9700,1421660
2022-04-25,26.3500,26.5500,25.8100,26.1800,3036982
2022-04-22,27.6600,27.9300,26.7400,26.7500,1693381
2022-04-21,29.6900,29.8600,27.7200,27.7800,1776483
2022-04-20,30.0600,30.5200,29.3500,29.3700,1039069
2022-04-19,30.3400,30.7200,29.8100,29.9300,1199745
2022-04-18,30.1500,31.3190,30.0200,30.4400,1700390
2022-04-14,29.5200,30.1600,29.3100,30.0000,1567988
2022-04-13,29.3600,29.6500,28.9000,29.3300,698550
2022-04-12,29.1000,29.7000,28.7600,29.0000,1000327
2022-04-11,28.8000,29.0700,28.2900,28.6200,1194022
2022-04-08,28.9800,29.8300,28.8300,29.0100,1381350
2022-04-07,28.9000,29.1900,28.0300,28.7500,1135946
2022-04-06,28.5900,29.3600,28.2600,29.1700,1388005
2022-04-05,29.1900,29.9600,28.5650,28.7400,1996087
2022-04-04,29.4800,29.8950,29.2100,29.3000,1170602
2022-04-01,28.7500,29.5800,28.4200,29.3600,1696248
2022-03-31,29.0500,29.4900,28.6000,28.6900,1920758
2022-03-30,29.0000,29.8900,29.0000,29.2500,1517083
2022-03-29,29.6800,29.8500,28.5300,28.8100,2178349
2022-03-28,30.0100,30.0100,29.1000,29.6800,1496698
2022-03-25,30.3200,30.7600,29.8500,30.3400,1784567
2022-03-24,29.8300,30.2000,29.4800,30.1900,1376910
2022-03-23,29.0900,29.9000,29.0300,29.7400,1319954
2022-03-22,29.4000,29.6500,28.6275,29.1300,1663528
2022-03-21,28.3400,29.4304,28.2800,29.1800,2007860
2022-03-18,28.6600,28.6600,27.8100,28.1300,2477460
2022-03-17,27.9000,28.9100,27.8500,28.8900,1168980
2022-03-16,28.3000,28.4300,26.9000,27.8500,2276281
2022-03-15,27.8000,28.3200,26.9200,28.0000,1903229
2022-03-14,28.4500,28.6000,27.7100,28.3100,1976057
2022-03-11,28.9000,29.2200,28.1900,28.5200,2392582
2022-03-10,27.5600,29.1100,27.3100,29.0800,3133047
2022-03-09,27.5800,28.1800,26.7400,27.8000,4168899
2022-03-08,26.6000,28.4400,26.3900,27.6300,6005125
2022-03-07,23.6300,26.5800,23.6000,26.4400,5777038
2022-03-04,22.5800,23.6000,22.3700,23.4500,2185387
2022-03-03,23.4000,23.7499,22.5500,22.9700,1503057
2022-03-02,21.7400,23.5000,21.7149,23.3200,4327350
2022-03-01,21.5200,21.6599,20.7500,21.3700,1769914
2022-02-28,21.6200,22.1700,21.2001,21.6600,2012393
2022-02-25,21.1200,22.1600,20.7800,21.9000,1836784
2022-02-24,20.7200,21.0000,19.8000,20.9200,2846330
2022-02-23,20.8200,21.6600,20.6100,21.0800,2141123
2022-02-22,21.1800,22.1000,19.9100,19.9500,2447975
2022-02-18,20.9000,21.4100,20.8100,21.0800,971184
2022-02-17,21.2000,21.4400,21.0000,21.0900,1119981
2022-02-16,21.8300,21.9000,21.3400,21.4600,1954631
2022-02-15,21.4300,21.9200,21.3000,21.8000,1726979
2022-02-14,21.2000,21.8400,21.1400,21.2400,1816024
2022-02-11,21.8100,22.0000,21.0100,21.2300,1433140
2022-02-10,21.7200,22.5200,21.5300,21.6900,1869668
2022-02-09,21.9500,22.5100,21.9500,22.1900,690916
2022-02-08,21.2200,21.9500,21.1900,21.8600,761311
2022-02-07,21.1900,21.4300,20.9800,21.1500,925707
2022-02-04,20.8300,21.3400,20.5900,21.0500,1091703
2022-02-03,21.5000,21.8050,21.0050,21.0500,772806
2022-02-02,22.0400,22.1300,21.3000,21.7200,1473065
2022-02-01,21.1300,22.1000,20.8800,22.0700,1470298
2022-01-31,20.9100,21.2600,20.6300,21.0400,1626525
2022-01-28,20.5000,21.2400,20.3300,21.2400,1026787
2022-01-27,21.1100,21.5100,20.4600,20.6600,1007680
2022-01-26,21.5300,21.8400,20.5600,20.8800,1366183
2022-01-25,21.2500,21.6600,20.8250,21.2200,1592450
2022-01-24,20.1200,21.8000,19.8200,21.7100,2604911
2022-01-21,21.3200,21.7800,20.7200,20.7300,2000073
2022-01-20,21.7600,22.6000,21.5350,21.6100,1084066
2022-01-19,22.4200,22.8800,21.6900,21.7600,1679306
2022-01-18,22.8600,22.9600,22.4500,22.7400,1548391
2022-01-14,22.8900,23.1300,22.5500,23.1200,1052076
2022-01-13,23.6500,23.8700,23.2000,23.2800,1816783
2022-01-12,23.8700,24.0300,23.2300,23.3700,1003708
2022-01-11,23.1600,23.8244,22.5200,23.7100,1360254
2022-01-10,23.6200,23.6200,22.7000,23.2100,1621065
2022-01-07,24.4700,24.5700,23.7653,23.8300,1013022
2022-01-06,24.0900,24.8800,24.0900,24.2300,1032662
2022-01-05,25.3500,25.5550,24.0300,24.0700,1520749
2022-01-04,25.3100,25.3600,24.9000,25.2800,1826588
2022-01-03,25.0600,25.6100,24.8700,25.0800,1113340
2021-12-31,24.3700,24.9200,24.3500,24.7700,674862
2021-12-30,24.6000,25.1400,24.5500,24.5700,922365
2021-12-29,24.5700,24.8762,24.4900,24.6400,634355
2021-12-28,24.6100,24.9200,24.4950,24.6700,785762
2021-12-27,24.3500,24.6200,24.0900,24.6000,793158
2021-12-23,24.6300,24.9500,24.4700,24.5300,654274
2021-12-22,24.3600,24.8094,24.0800,24.6300,692991
2021-12-21,23.8900,24.4900,23.7500,24.2800,877165
2021-12-20,23.5100,23.6950,22.8800,23.5500,1605828
2021-12-17,23.6600,24.4300,23.2700,24.3300,3320389
2021-12-16,24.6100,24.7400,23.6200,23.8200,1577522
2021-12-15,24.7400,24.8400,23.5150,24.3700,1624515
2021-12-14,24.8000,25.6800,24.1600,24.4300,4165633
2021-12-13,24.0000,24.0750,23.2300,23.5000,1831305
2021-12-10,24.1700,24.2808,23.7400,24.0600,1125111
2021-12-09,24.2600,24.2600,23.7200,24.0100,1167669
2021-12-08,23.7600,24.3300,23.4400,24.2500,1669352
2021-12-07,23.8200,24.3400,23.5800,23.6700,1923794
2021-12-06,22.7800,23.9500,22.3000,23.3300,1857085
2021-12-03,23.0850,23.2600,22.1200,22.4500,1436935
2021-12-02,21.9700,23.3100,21.4200,22.9700,1994536
2021-12-01,22.9700,23.3700,21.5800,21.5800,2280365
2021-11-30,22.0600,22.6400,21.2600,22.1100,2765588
2021-11-29,22.5800,22.7400,21.7100,22.2700,1244772
2021-11-26,22.1400,22.2400,21.4800,22.0600,1348563
2021-11-24,23.0700,23.7000,22.8172,23.2800,1053575
2021-11-23,22.9800,23.4105,22.6800,23.2200,1117210
2021-11-22,22.5800,23.1400,22.4700,22.9000,3083079
2021-11-19,22.1400,22.6200,21.8800,22.3800,1891891
2021-11-18,23.0300,23.3100,22.4150,22.5200,1311359
2021-11-17,23.3300,23.6200,23.0100,23.0200,1134950
2021-11-16,23.6800,23.7500,23.0900,23.4800,1518996
2021-11-15,23.0950,23.8800,22.6800,23.6300,2911925
2021-11-12,22.3900,22.4832,22.1000,22.3300,1194029
2021-11-11,22.2800,22.8000,22.1600,22.2500,1751571
2021-11-10,22.5000,22.9500,21.9800,22.2800,1702856
2021-11-09,23.2500,23.6800,22.3400,22.7300,2501418
2021-11-08,24.0000,24.0200,22.7700,23.1500,3845509
2021-11-05,21.0900,23.1200,21.0900,23.0900,7720039
2021-11-04,20.5400,20.6400,20.0200,20.2900,4180844
2021-11-03,19.5800,19.9550,19.4100,19.8200,1273457
2021-11-02,20.1600,20.1800,19.3800,19.5800,1236138
2021-11-01,19.7000,20.5450,19.7000,20.0400,2994644
2021-10-29,19.6800,19.7900,19.0534,19.4400,2462311
2021-10-28,18.1600,19.8900,18.1600,19.8100,3584810
2021-10-27,18.5900,18.9900,18.1600,18.1600,1614069
2021-10-26,19.0000,19.0000,18.5400,18.7500,3048460
2021-10-25,18.6400,19.0400,18.4800,18.8300,1769762
2021-10-22,18.1100,18.5600,18.1000,18.5300,1746297
2021-10-21,18.2100,18.4300,18.0150,18.3700,1276113
2021-10-20,18.5800,18.8900,18.2550,18.3100,1973039
2021-10-19,17.5400,18.8400,17.2650,18.5800,5418555
2021-10-18,17.1600,17.8100,17.1200,17.4000,2230335
2021-10-15,17.9000,17.9900,17.3300,17.4200,2625524
2021-10-14,17.3800,17.5300,17.0700,17.5200,2303649
2021-10-13,16.5700,17.3000,16.2900,17.3000,4038200
2021-10-12,15.8500,16.5100,15.7100,16.5000,5094508
2021-10-11,16.3400,16.6050,15.9000,15.9000,3486637
2021-10-08,16.4000,16.6300,16.1700,16.3100,1545849
2021-10-07,16.3400,16.5900,16.2500,16.4400,2800625
2021-10-06,15.8200,16.2800,15.7400,16.2200,4443986
2021-10-05,16.1000,16.3500,15.7900,16.1000,3102972
2021-10-04,16.7500,16.9600,16.0600,16.1300,2743070
2021-10-01,16.2800,16.8800,16.0600,16.7500,2087596
2021-09-30,16.5100,16.6600,15.7600,15.9700,1349857
2021-09-29,16.9500,17.0000,16.3400,16.3500,1367050
2021-09-28,16.9600,17.1850,16.6100,16.7300,1771300
2021-09-27,16.5300,17.3400,16.4100,16.9500,3107081
2021-09-24,15.7900,16.4800,15.6600,16.2100,1927645
2021-09-23,14.9500,15.9800,14.9500,15.9600,2696546
2021-09-22,14.9100,15.1400,14.7600,14.8000,1603930
2021-09-21,15.0500,15.1300,14.4100,14.6000,1600184
2021-09-20,14.9800,15.2371,14.5299,14.8300,3064616
2021-09-17,15.8600,15.9500,15.4550,15.5300,4555777
2021-09-16,16.2900,16.4100,15.8148,15.8800,1466981
2021-09-15,15.9400,16.3900,15.8800,16.2500,1654221
2021-09-14,16.4800,16.5000,15.8000,15.9500,1216230
2021-09-13,16.0300,16.3650,15.8499,16.3600,1272371
2021-09-10,16.2000,16.2700,15.8000,15.8000,1328068
2021-09-09,15.8900,16.3500,15.7000,16.0500,1225246
2021-09-08,16.2700,16.4400,15.9000,15.9900,1345497
2021-09-07,16.4100,16.7300,16.2200,16.2400,1387401
2021-09-03,16.8100,16.8800,16.2700,16.4700,1005685
2021-09-02,16.7300,17.0750,16.5600,16.8000,1324799
2021-09-01,16.6100,16.7000,16.2840,16.4700,1807497
2021-08-31,16.4200,16.7900,16.3300,16.6600,1395817
2021-08-30,16.8600,16.8816,16.3000,16.3200,1049983
2021-08-27,16.2000,16.8500,16.2000,16.7100,1629643
2021-08-26,16.6700,16.7200,16.0300,16.1400,1460652
2021-08-25,16.6300,17.0100,16.4200,16.7900,1097502
2021-08-24,16.0400,16.6599,16.0400,16.5500,1321210
2021-08-23,15.9800,16.3200,15.9100,16.2000,1508135
2021-08-20,15.5000,15.7999,15.3950,15.7500,1918688
2021-08-19,15.8500,15.9700,15.5000,15.6500,1586429
2021-08-18,16.3200,16.6400,16.0600,16.1000,1274472
2021-08-17,16.5900,16.8200,15.9000,16.2700,2355533
2021-08-16,17.2000,17.2000,16.7250,16.8800,2109169
2021-08-13,17.8600,17.8900,17.3400,17.4000,1261763
2021-08-12,18.1800,18.3400,17.7300,17.9300,1775116
2021-08-11,17.6400,18.2100,17.2600,18.1600,1775650
2021-08-10,17.2800,17.9900,17.0500,17.6100,2089812
2021-08-09,16.5500,17.2900,16.3000,17.1400,2107382
2021-08-06,17.0000,17.3500,16.6800,16.9100,2414810
2021-08-05,16.7200,16.9100,16.5100,16.6000,1497746
2021-08-04,16.7300,16.9500,16.4720,16.5000,1976697
2021-08-03,16.5300,16.9600,16.0000,16.9500,1735317
2021-08-02,16.6700,17.4900,16.4450,16.4600,2548426
2021-07-30,17.0600,17.1800,16.4800,16.6600,1934285
2021-07-29,17.2700,17.3586,16.7100,17.0700,1920851
2021-07-28,16.4800,17.4000,16.1900,16.9100,2121064
2021-07-27,16.2900,16.3200,15.9603,16.2600,1519446
2021-07-26,16.4300,16.9000,16.2650,16.4700,2079500
2021-07-23,16.4300,16.5090,16.0150,16.3300,2360004
2021-07-22,16.7600,16.7700,16.2450,16.3700,1714225
2021-07-21,16.7900,17.2800,16.7100,16.8600,3089861
2021-07-20,15.5000,16.9050,15.4200,16.6700,4107282
2021-07-19,14.7900,15.5900,14.5700,15.5100,6136321
2021-07-16,16.4200,16.4900,15.2200,15.3200,3322251
2021-07-15,15.8000,16.3750,15.7296,16.2100,2525434
2021-07-14,16.5400,16.8454,15.9200,16.0100,2461054
2021-07-13,16.7400,16.9000,16.3400,16.3500,2116266
2021-07-12,17.1000,17.2100,16.6800,16.9400,3264309
2021-07-09,16.1300,17.3800,16.0100,17.2100,6732551
2021-07-08,15.7900,16.3700,15.4800,15.9900,2385811
2021-07-07,16.2000,16.3000,15.6500,16.2300,3865581
2021-07-06,17.5000,17.5000,16.1716,16.4400,3968722
2021-07-02,17.6900,17.7390,17.3150,17.3800,1179770
2021-07-01,17.9900,18.1351,17.5200,17.6300,1544682
2021-06-30,17.4200,17.9000,17.2300,17.7000,1855766
2021-06-29,18.1000,18.1600,17.4800,17.4800,2794356
2021-06-28,18.5500,18.6600,17.8000,18.0500,2359794
2021-06-25,18.9500,19.0000,18.5350,18.5500,3737114
2021-06-24,18.0200,18.9200,17.8400,18.5300,3631761
2021-06-23,17.7000,18.2250,17.7000,17.7300,2614886
2021-06-22,17.2900,17.6350,16.9050,17.5500,2506003
2021-06-21,17.2400,17.5250,17.1300,17.3400,2097559
2021-06-18,17.0000,17.2650,16.8200,17.0000,2779294
2021-06-17,18.0000,18.2000,17.0800,17.2200,3304014
2021-06-16,18.5000,18.5950,18.0300,18.1200,1990408
2021-06-15,18.4000,18.7300,18.2600,18.5600,1875386
2021-06-14,19.3100,19.4300,18.4100,18.4800,2099603
2021-06-11,19.5800,19.8000,19.2000,19.3100,1551617
2021-06-10,19.9300,19.9900,19.2900,19.3400,2250500
2021-06-09,20.3900,20.5000,19.9500,19.9500,1140374
2021-06-08,20.1700,20.5650,19.9500,20.3500,1365008
2021-06-07,20.2600,20.4300,19.8000,20.1600,2566660
2021-06-04,19.9100,20.2100,19.5602,20.1700,2223583
2021-06-03,20.1100,20.1600,19.6100,19.7900,2236136
2021-06-02,19.5300,20.3500,19.1300,20.3100,3794421
2021-06-01,18.9500,19.4650,18.9000,19.4600,4425340
2021-05-28,18.9200,18.9500,18.4700,18.5000,1792592
2021-05-27,19.0400,19.1400,18.5800,18.8100,2175771
2021-05-26,18.7000,19.0865,18.5750,18.6900,1981297
2021-05-25,18.3600,19.0250,18.2550,18.6900,2823881
2021-05-24,17.9100,18.3950,17.5000,18.3600,2573707
2021-05-21,18.1100,18.4600,17.8950,17.9900,2249895
2021-05-20,18.5700,18.5700,17.6800,17.8400,3733005
2021-05-19,18.8500,18.9700,18.3400,18.6400,4132106
2021-05-18,19.6500,19.8200,19.2500,19.4200,3632171
2021-05-17,19.0200,19.6500,18.5000,19.6400,3752596
2021-05-14,18.6000,19.3000,18.0200,19.1400,14688193
2021-05-13,21.9200,21.9200,18.1001,18.9300,26153240
2021-05-12,24.5800,25.0800,23.6600,23.7800,1746309
2021-05-11,23.6800,24.8300,23.4500,24.4300,1732348
2021-05-10,24.7700,25.0700,24.1400,24.3600,1580147
2021-05-07,23.3300,24.7600,22.7000,24.6800,2693134
2021-05-06,24.3400,24.4200,23.5920,24.3800,1641411
2021-05-05,24.0000,24.3165,23.8700,24.2500,1277152
2021-05-04,23.4100,23.9600,23.1100,23.9500,3864578
2021-05-03,23.3000,23.6200,22.9500,23.4200,1357114
2021-04-30,22.7400,23.2900,22.6720,22.9800,2106067
2021-04-29,23.4700,23.4700,22.5900,23.1200,1253202
2021-04-28,22.4500,23.3300,22.3700,23.1100,1534326
2021-04-27,22.5100,22.6800,22.1500,22.5200,753373
2021-04-26,22.0700,22.6600,22.0500,22.4400,1073781
2021-04-23,21.6200,21.9700,21.3800,21.7700,864941
2021-04-22,21.8900,22.1000,21.3783,21.4800,1045523
2021-04-21,21.0100,21.6700,20.6200,21.5800,1055662
2021-04-20,21.5300,21.5600,20.4000,21.0600,1399075
2021-04-19,22.4400,22.4700,21.5300,21.7300,1559741
2021-04-16,22.5500,22.8800,22.2300,22.4600,1012022
2021-04-15,22.7500,22.7500,21.9600,22.4400,958424
2021-04-14,21.8300,22.7900,21.8007,22.5300,1420684
2021-04-13,22.1000,22.2500,21.2500,21.5000,1395268
2021-04-12,22.8100,22.9500,22.2900,22.5800,1004790
2021-04-09,22.1900,22.8700,21.9800,22.7400,1132403
2021-04-08,22.1200,22.3900,21.5800,22.2100,1034303
2021-04-07,22.5500,22.5700,21.6200,22.1900,1512068
2021-04-06,22.9900,23.6000,22.5300,22.5800,1469968
2021-04-05,23.5000,23.6300,22.7800,23.0200,1531676
2021-04-01,23.4500,23.5700,22.4300,22.9900,1843439
2021-03-31,23.2500,23.4800,22.7100,23.0900,2103796
2021-03-30,22.1100,22.9900,21.6900,22.8800,1817132
2021-03-29,22.1900,23.3100,22.0000,22.1800,3254500
2021-03-26,21.0000,22.2000,20.5100,22.1900,2678773
2021-03-25,19.2400,20.7750,18.9000,20.5700,2421864
2021-03-24,20.5500,21.0200,19.6200,19.7400,1957481
2021-03-23,20.8100,20.9099,19.7300,20.1100,3518632
2021-03-22,22.3300,22.3300,20.9100,21.2300,2831030
2021-03-19,22.7300,22.8300,21.6000,22.1000,3931812
2021-03-18,23.3600,24.7890,22.5700,22.7400,3588531
2021-03-17,22.4400,23.4900,22.1100,23.4800,2465908
2021-03-16,23.1600,23.1600,22.3300,22.3800,1745212
2021-03-15,23.5000,23.6000,22.0190,23.0900,3159436
2021-03-12,20.9500,23.3000,20.8900,23.2300,4726464
2021-03-11,20.2700,21.0600,20.0400,20.9400,2886922
2021-03-10,19.1000,20.0450,18.9600,19.9400,2243353
2021-03-09,18.8300,18.9500,18.3500,18.7500,2000865
2021-03-08,19.0700,19.1700,18.1700,18.5500,2333431
2021-03-05,17.9400,18.5900,16.7500,18.5200,3287060
2021-03-04,17.8500,18.3900,17.1750,17.7300,3206893
2021-03-03,17.4400,18.5300,17.4400,17.9600,2983367
2021-03-02,17.0700,17.5600,16.8900,17.3600,3291588
2021-03-01,17.7100,17.8400,16.8200,17.1400,4571545
2021-02-26,17.7900,18.4800,16.2700,17.1600,7738294
2021-02-25,21.0900,21.3400,19.6150,19.7800,3449599
2021-02-24,19.9100,21.1300,19.7500,20.9400,4260465
2021-02-23,18.9700,19.6700,17.8650,19.4600,3559156
2021-02-22,18.3000,19.9700,17.9600,19.1200,7170358
2021-02-19,16.7000,17.6500,16.6100,17.3000,4967362
2021-02-18,17.3600,17.3600,16.4100,16.4800,3161768
2021-02-17,17.6400,17.7500,17.1800,17.4900,1484258
2021-02-16,18.1600,18.3100,17.6500,17.6700,2210269
2021-02-12,17.5300,18.0500,17.1600,17.9500,2478796
2021-02-11,17.8000,18.0600,17.1400,17.5300,2452736
2021-02-10,18.3400,18.4800,17.3700,17.7100,7578785
2021-02-09,20.2500,20.3217,19.3600,19.3900,1831795
2021-02-08,19.9300,20.5000,19.6700,20.4900,1286806
2021-02-05,19.2500,19.7300,18.8800,19.3600,1269933
2021-02-04,18.3000,18.8700,18.2500,18.8700,906480
2021-02-03,18.1100,18.2500,17.8301,18.2500,763930
2021-02-02,18.4400,18.5500,17.6300,18.0700,979489
2021-02-01,17.4500,18.3000,17.1700,18.0100,1346739
2021-01-29,18.2400,18.5200,16.8800,17.2900,2990239
2021-01-28,18.6000,19.3400,18.0900,18.5600,1985507
2021-01-27,18.0700,18.8000,17.3100,18.2300,2273611
2021-01-26,19.6500,19.6500,18.5000,18.6700,1156892
2021-01-25,20.1400,20.1500,18.8800,19.4400,1453061
2021-01-22,20.3000,20.5400,19.9600,20.4500,1015548
2021-01-21,21.2500,21.5000,20.5700,20.7400,1585606
2021-01-20,21.1600,21.3700,20.2000,20.6200,1437479
2021-01-19,20.5000,21.3100,20.4000,20.9900,1868840
2021-01-15,20.2500,20.6400,19.3600,20.1900,1500201
2021-01-14,19.8400,21.1900,19.8000,20.6500,2095453
2021-01-13,19.3400,19.9250,18.9850,19.6000,1866307
2021-01-12,18.0500,19.6000,18.0000,19.4000,2505296
2021-01-11,17.0600,17.7200,17.0300,17.6600,1105663
2021-01-08,17.9400,17.9700,17.0600,17.5100,992177
2021-01-07,18.2000,18.2600,17.4700,17.7900,1868141
2021-01-06,17.4200,18.4200,17.3100,17.9100,3074975
2021-01-05,15.8800,17.0700,15.7900,16.8600,1405547
2021-01-04,16.0500,16.3600,15.6000,15.8200,1283687
2020-12-31,16.2200,16.3800,15.9200,15.9700,1330245
2020-12-30,15.7700,16.4050,15.7700,16.2700,1202528
2020-12-29,16.1200,16.1600,15.5200,15.7400,1394073
2020-12-28,16.6400,16.6700,16.1000,16.1200,859784
2020-12-24,16.5300,16.5900,16.0800,16.4800,406558
2020-12-23,16.3700,16.8200,16.3500,16.5500,891857
2020-12-22,16.5000,16.5864,16.0700,16.1300,766272
2020-12-21,16.0000,16.6100,15.7700,16.5600,1218045
2020-12-18,16.8200,16.8800,16.2200,16.3700,2208245
2020-12-17,16.8300,16.9500,16.5900,16.8100,698476
2020-12-16,17.2300,17.2500,16.6800,16.7700,874041
2020-12-15,16.6500,17.2100,16.5500,17.2000,1131287
2020-12-14,17.2000,17.2400,16.2650,16.4400,1529719
2020-12-11,17.6700,17.9087,16.7200,16.7700,2236125
2020-12-10,17.9000,18.3700,17.3000,17.9800,1956359
2020-12-09,18.8500,18.9900,18.0360,18.2400,1978108
2020-12-08,17.7300,18.7900,17.7000,18.6400,1478184
2020-12-07,18.5100,18.6300,17.7300,17.8700,1618692
2020-12-04,18.3700,18.6800,18.0600,18.6500,1316495
2020-12-03,17.7500,18.5700,17.5000,17.9800,2469169
2020-12-02,17.2500,17.7500,17.1600,17.6800,1795842
2020-12-01,17.6850,17.9300,17.1700,17.3900,2573522
2020-11-30,17.4200,17.7400,16.9700,17.2700,2901485
2020-11-27,17.7700,17.8200,17.3800,17.5300,904930
2020-11-25,17.5000,18.0733,17.0400,17.6500,1724298
2020-11-24,16.8700,18.1200,16.6200,17.8000,3197116
2020-11-23,15.7800,16.6900,15.7800,16.5900,1820060
2020-11-20,15.6900,15.7151,15.1022,15.5600,2719465
2020-11-19,14.5700,15.9600,14.3500,15.8400,3268773
2020-11-18,14.0000,15.0400,14.0000,14.6900,2009067
2020-11-17,13.9400,14.1805,13.6500,14.0000,1117713
2020-11-16,13.9500,14.2000,13.6800,14.2000,1657491
2020-11-13,13.3100,13.6799,13.1200,13.3900,1253233
2020-11-12,13.1400,13.4700,12.7900,13.0800,1317501
2020-11-11,13.8500,13.8624,13.0300,13.3700,1840964
2020-11-10,13.7100,13.9800,13.4500,13.7600,1574637
2020-11-09,13.7900,14.9700,13.2300,13.5000,2996448
2020-11-06,12.9600,13.0200,12.4200,12.6500,1651837
2020-11-05,12.4300,13.2495,12.3200,13.0100,1662097
2020-11-04,12.4700,12.8200,11.6400,12.3700,2858163
2020-11-03,12.8800,13.3500,12.7100,13.2300,2347914
2020-11-02,11.6000,12.7700,11.6000,12.6500,2727814
2020-10-30,10.9800,11.3600,10.9800,11.3500,1670955
2020-10-29,10.7500,11.1800,10.7000,11.0600,1389802
2020-10-28,10.9500,11.0450,10.6350,10.8600,1306427
2020-10-27,11.3600,11.5900,11.2250,11.2800,1197492
2020-10-26,11.8900,12.0300,11.1300,11.4100,2178676
2020-10-23,12.1300,12.5500,12.0000,12.2000,1459457
2020-10-22,11.7900,12.0719,11.4100,11.9800,1936994
2020-10-21,11.8200,12.0400,11.5400,11.6800,1740776
2020-10-20,11.5800,11.9900,11.4900,11.8900,3345605
2020-10-19,11.0300,11.6150,10.9000,11.3900,3006683
2020-10-16,10.8000,11.2800,10.7300,10.9000,2772751
2020-10-15,10.1900,10.7800,10.1800,10.7700,1208382
2020-10-14,10.6100,10.8500,10.4100,10.4600,1059598
2020-10-13,10.7600,10.8800,10.4100,10.5900,1401105
2020-10-12,10.9900,11.2200,10.8200,10.9800,1941656
2020-10-09,11.1300,11.1900,10.7950,10.9200,1999122
2020-10-08,10.9800,11.0800,10.6400,11.0300,3712664
2020-10-07,9.5800,11.1795,9.5750,10.9000,4874988
2020-10-06,9.8400,10.1350,9.4500,9.4800,2223292
2020-10-05,9.5900,9.7899,9.4750,9.7100,3267200
2020-10-02,8.8800,9.4500,8.8100,9.4000,3546348
2020-10-01,8.8600,9.2400,8.7800,9.1500,1999482
2020-09-30,9.2800,9.4300,8.7600,8.8100,2448896
2020-09-29,8.9600,9.4100,8.8101,9.2300,2650684
2020-09-28,9.6400,9.9800,9.0500,9.1500,3058302
2020-09-25,8.8600,9.6700,8.3200,9.5900,6726848
2020-09-24,8.4200,9.4700,8.2500,9.3500,4493566
2020-09-23,8.7300,8.9300,8.4500,8.4800,2833671
2020-09-22,8.7000,8.9150,8.5100,8.5500,1744790
2020-09-21,9.0300,9.0700,8.5400,8.6800,2165790
2020-09-18,9.5200,9.7700,9.2500,9.4200,6141852
2020-09-17,9.0500,9.5700,8.7300,9.4000,2150674
2020-09-16,8.8700,9.5900,8.8400,9.2500,2257124
2020-09-15,9.2000,9.2800,8.7500,8.8400,1705979
2020-09-14,9.2500,9.3000,8.9600,9.1600,1514722
2020-09-11,8.9300,9.2650,8.7800,9.0700,2295147
2020-09-10,9.4500,9.5100,8.6100,8.9100,3955244
2020-09-09,8.5600,9.6400,8.3750,9.4300,4273316
2020-09-08,8.8700,8.9200,8.0950,8.3300,2686616
2020-09-04,8.7400,9.0700,8.5700,9.0200,2327805
2020-09-03,9.2700,9.3700,8.5400,8.5700,2519311
2020-09-02,9.3400,9.4099,9.0300,9.1800,1744056
2020-09-01,9.4500,9.5600,9.1600,9.2800,1906958
2020-08-31,9.6300,9.7227,9.3450,9.5200,2057420
2020-08-28,9.7600,9.8500,9.3300,9.6600,1964014
2020-08-27,9.5600,9.7600,9.4700,9.7200,1475694
2020-08-26,9.7000,9.7300,9.3500,9.4600,1378756
2020-08-25,10.0100,10.2150,9.6700,9.7100,2648221
2020-08-24,9.4300,10.1100,9.1900,9.9100,3250273
2020-08-21,10.0700,10.1500,9.3150,9.3400,2954208
2020-08-20,10.5000,10.5450,10.1500,10.1600,1601999
2020-08-19,10.6700,10.7900,10.5300,10.5700,1903644
2020-08-18,10.8700,10.9800,10.6300,10.6600,1226064
2020-08-17,11.5900,11.7800,10.9550,10.9900,1416833
2020-08-14,11.5000,11.6500,11.4050,11.5000,1250252
2020-08-13,11.8700,12.0400,11.6600,11.6800,1638280
2020-08-12,12.4800,12.4900,11.8600,12.0400,1937876
2020-08-11,12.2200,12.6900,12.1400,12.2300,3262951
2020-08-10,11.4600,12.0000,11.4400,11.9600,2429866
2020-08-07,11.0400,11.3900,10.9050,11.3800,2050152
2020-08-06,11.2300,11.3300,10.9750,11.0800,2047939
2020-08-05,10.9800,11.4000,10.8800,11.2800,2999330
2020-08-04,10.6500,10.8350,10.4390,10.8000,1785002
2020-08-03,10.2600,11.0100,10.0700,10.6900,3493854
2020-07-31,11.2500,11.3500,10.0600,10.1900,3760871
2020-07-30,11.3700,11.4300,10.9900,11.3300,1247316
2020-07-29,11.2900,11.6200,11.2700,11.5900,1443132
2020-07-28,11.4900,11.6800,11.2350,11.2500,1341569
2020-07-27,11.8900,11.9150,11.4500,11.5900,1957685
2020-07-24,12.0200,12.2199,11.8800,11.9000,2477626
2020-07-23,12.0600,12.4700,12.0600,12.3500,1355547
2020-07-22,12.2300,12.4300,12.1800,12.2300,1351227
2020-07-21,12.4100,12.6300,12.2200,12.4200,1976810
2020-07-20,12.3600,12.4500,11.9700,12.1300,1994066
2020-07-17,12.5000,12.6600,12.2400,12.4500,2917600
2020-07-16,12.6100,12.6900,12.1800,12.5300,2203900
2020-07-15,12.4200,12.7900,12.2000,12.6500,1749800
2020-07-14,11.7200,12.0500,11.4700,12.0000,1426600
2020-07-13,11.7700,12.2800,11.5200,11.7900,1931900
2020-07-10,11.2300,11.6200,11.1000,11.5800,1281900
2020-07-09,11.5000,11.5000,11.0000,11.2300,2292400
2020-07-08,11.5700,11.7600,11.0900,11.5600,2327100
2020-07-07,11.6100,11.9200,11.4500,11.5600,1950300
2020-07-06,11.8800,12.2200,11.5600,11.8000,1662500
2020-07-02,11.9300,12.4700,11.5700,11.7000,2654900
2020-07-01,12.0500,12.2800,11.4600,11.4700,2269100
2020-06-30,11.8000,12.3600,11.7200,12.0800,2866000
2020-06-29,11.5000,12.0600,11.2900,11.9900,3725500
2020-06-26,12.8500,12.9900,11.2400,11.2400,13485836
2020-06-25,12.4600,13.2350,12.4100,13.0200,2812711
2020-06-24,13.5000,13.6800,12.5800,12.6200,2744658
2020-06-23,13.8200,14.0700,13.4900,13.7100,2092449
2020-06-22,13.3700,13.6400,13.0700,13.5700,1902419
2020-06-19,13.4100,13.9300,13.2000,13.4900,3413886
2020-06-18,12.6300,13.5300,12.5300,13.1600,2089627
2020-06-17,13.2900,13.4900,12.7800,12.8300,2549994
2020-06-16,13.7800,14.1600,13.1600,13.2900,3302398
2020-06-15,11.6600,12.9300,11.3600,12.7900,2359801
2020-06-12,12.5900,12.9000,11.8100,12.3700,2217972
2020-06-11,11.9700,12.5200,11.5700,11.7300,2840478
2020-06-10,14.1200,14.1200,12.9500,13.3000,2548480
2020-06-09,14.3300,14.7400,14.0200,14.2600,2409109
2020-06-08,14.5400,15.2199,14.4000,14.9200,2991365
2020-06-05,14.0700,14.8100,13.9700,14.0800,3191221
2020-06-04,12.5800,13.5700,12.3700,13.4500,3453336
2020-06-03,12.5100,12.8300,12.3600,12.6700,2862875
2020-06-02,12.2700,12.6600,12.0900,12.2000,2801941
2020-06-01,11.8100,12.4100,11.4500,12.2000,2353323
2020-05-29,11.3300,11.9800,11.0700,11.6100,4696280
2020-05-28,12.2700,12.2999,11.5300,11.5900,3073482
2020-05-27,12.2000,12.4200,11.5800,12.1000,3076814
2020-05-26,11.5000,12.0500,11.4500,11.6600,2701387
2020-05-22,10.9000,11.0300,10.5400,10.8200,1509441
2020-05-21,10.8300,11.3500,10.8000,10.9100,2895011
2020-05-20,10.5900,10.9391,10.5500,10.9000,2337881
2020-05-19,10.4100,10.7350,10.0900,10.1200,2810240
2020-05-18,9.8000,10.6950,9.7600,10.4200,3967650
2020-05-15,8.3300,9.3400,8.2500,9.1200,3072265
2020-05-14,7.7800,8.8500,7.4300,8.6600,3943549
2020-05-13,9.0300,9.0300,7.8900,8.0000,5588026
2020-05-12,10.5000,10.6100,9.0400,9.1000,4212756
2020-05-11,10.1600,10.6000,9.8550,10.4400,2528186
2020-05-08,10.1200,10.4750,9.9500,10.3800,2423160
2020-05-07,9.8800,10.1450,9.7600,10.0100,2254793
2020-05-06,9.9300,10.0400,9.4700,9.5100,2581401
2020-05-05,10.3900,10.7300,9.6100,9.6600,2901554
2020-05-04,9.7700,10.1500,9.3750,9.9700,3247463
2020-05-01,11.0000,11.3783,9.9000,10.2000,3884874
2020-04-30,11.4500,11.7600,10.8700,11.7000,5470179
2020-04-29,11.0000,11.9900,10.9400,11.6100,5299437
2020-04-28,10.3000,10.7300,9.9300,10.5500,4133908
2020-04-27,8.8300,10.0400,8.6300,9.8100,4477854
2020-04-24,8.7900,9.1250,8.7001,9.0600,2484368
2020-04-23,8.7500,9.2000,8.4400,8.8900,3738222
2020-04-22,8.4800,8.7700,8.0000,8.1700,2576588
2020-04-21,7.8200,8.5300,7.8200,8.2100,4109721
2020-04-20,7.8200,8.5500,7.7294,8.1100,3126553
2020-04-17,7.5700,8.2700,7.5000,8.2200,3211451
2020-04-16,7.3000,7.5100,7.0550,7.2100,1903844
2020-04-15,7.0400,7.4750,6.9300,7.3600,2825882
2020-04-14,7.8000,8.0602,7.4600,7.6900,2083839
2020-04-13,7.9500,8.1000,7.1400,7.5900,2537016
2020-04-09,7.7600,8.5600,7.6700,7.8600,4416264
2020-04-08,6.9700,7.3000,6.8000,7.2800,2175375
2020-04-07,7.1000,7.5700,6.6100,6.7500,3245927
2020-04-06,6.3700,6.8900,6.1700,6.5300,2392979
2020-04-03,6.3800,6.4400,5.7700,5.9800,2698752
2020-04-02,6.1800,6.6900,6.0000,6.2000,3354726
2020-04-01,6.7100,6.7100,5.8400,5.9700,3078797
2020-03-31,6.0800,7.0700,6.0800,6.9100,3171040
2020-03-30,6.3600,6.4200,5.7396,5.9700,2628061
2020-03-27,6.8800,6.9800,6.4200,6.4900,3005359
2020-03-26,6.3800,7.3200,6.1300,7.2800,4119272
2020-03-25,6.4100,6.4500,5.5200,6.2300,4320762
2020-03-24,6.4600,6.8500,5.9250,6.0700,6252432
2020-03-23,5.7900,6.1400,5.2800,5.9300,4336064
2020-03-20,5.9100,6.1800,4.9000,5.6300,6515815
2020-03-19,3.5700,6.2100,3.5600,5.9900,7709628
2020-03-18,4.3500,4.4115,2.8500,3.4000,7471171
2020-03-17,6.1200,6.1200,4.4200,4.4400,5626258
2020-03-16,6.0100,6.7200,5.9900,6.0300,5500737
2020-03-13,6.8100,6.9800,6.1100,6.9800,3401745
2020-03-12,6.1500,7.0200,5.9306,6.2500,5483590
2020-03-11,7.5100,7.5400,6.9300,7.0600,4514229
2020-03-10,8.2100,8.2900,7.4600,7.8100,4180466
2020-03-09,7.7700,8.2400,7.4435,7.5400,3416986
2020-03-06,8.9900,9.1450,8.6000,8.8500,4174935
2020-03-05,9.5600,9.8500,9.2600,9.3900,3483731
2020-03-04,9.8500,10.2200,9.7400,10.1400,3116665
2020-03-03,10.0100,10.5093,9.3900,9.6700,4015530
2020-03-02,9.3900,10.0500,8.9900,10.0400,5201628
2020-02-28,9.6100,10.0100,9.2200,9.3200,8408437
2020-02-27,10.8200,10.8900,9.8900,9.9300,8685471
2020-02-26,12.4800,12.4800,10.9050,11.0300,7569468
2020-02-25,13.8100,13.8700,12.2650,12.3700,6181495
2020-02-24,14.4700,14.5150,13.6700,13.7800,3648040
2020-02-21,14.3000,15.0700,14.3000,14.7400,4549747
2020-02-20,14.0800,14.8300,13.9300,14.5600,5000888
2020-02-19,14.6900,14.7500,13.9000,14.0600,9775537
2020-02-18,17.3700,17.3700,14.3000,14.7900,13185012
2020-02-14,20.0200,20.0200,19.1310,19.5400,2385754
2020-02-13,19.7900,20.0800,19.5600,19.9700,2285875
2020-02-12,19.2600,20.1450,19.2500,19.9600,1434698
2020-02-11,18.5000,19.3300,18.4800,19.0000,1417628
2020-02-10,18.0000,18.3100,17.8000,18.2400,1382429
2020-02-07,18.6600,18.7500,17.7200,18.0500,2672880
2020-02-06,19.4600,19.4600,18.8250,18.8500,1545380
2020-02-05,19.0500,19.3900,18.9000,19.3600,1664430
2020-02-04,18.8100,19.1400,18.5150,18.6500,1819405
2020-02-03,17.9500,18.5200,17.8000,18.3900,1437370
2020-01-31,18.4700,18.4700,17.7800,17.8900,2077092
2020-01-30,18.2800,18.6100,18.1300,18.6100,1349833
2020-01-29,19.1100,19.2000,18.6300,18.6800,1097596
2020-01-28,18.9300,19.2400,18.5100,19.0200,1437344
2020-01-27,18.8900,19.0450,18.3700,18.7600,1407439
2020-01-24,20.0000,20.0150,19.2200,19.4900,1523740
2020-01-23,19.8100,20.0600,19.1200,19.9400,1352426
2020-01-22,20.2300,20.3239,19.7150,19.8600,1563145
2020-01-21,20.2700,20.3390,20.0850,20.1400,1337528
2020-01-17,20.7900,20.8850,20.4000,20.4700,1314895
2020-01-16,20.4500,20.8950,20.2700,20.7900,1887222
2020-01-15,20.3000,20.5500,20.0300,20.2300,1973640
2020-01-14,18.9000,20.5100,18.8700,20.4000,3437450
2020-01-13,18.7700,18.9100,18.3900,18.8400,1744910
2020-01-10,18.9900,19.0400,18.7100,18.7200,1625013
2020-01-09,19.1300,19.1300,18.5400,19.0700,2047298
2020-01-08,19.0900,19.1250,18.7200,19.0300,1898083
2020-01-07,19.2500,19.2500,18.7400,19.1200,1802637
2020-01-06,19.0300,19.2900,18.6800,19.2500,1400501
2020-01-03,18.9600,19.1800,18.6900,19.1200,2199148
2020-01-02,18.9600,19.1700,18.7200,19.1600,1748178
2019-12-31,18.4400,19.0150,18.3990,18.8800,1719414
2019-12-30,18.0100,18.7170,17.9300,18.4800,2384433
2019-12-27,18.7600,18.7800,18.0500,18.1300,1557442
2019-12-26,18.5400,18.8000,18.3500,18.6900,1381978
2019-12-24,19.4800,19.4800,18.3900,18.4700,1792295
2019-12-23,18.4800,19.2900,18.2900,19.2800,2414520
2019-12-20,17.9900,18.3800,17.7600,18.3600,4058799
2019-12-19,17.7000,17.9800,17.4600,17.9600,2096228
2019-12-18,17.5500,18.1000,17.5500,17.6900,1985065
2019-12-17,17.5800,17.7850,17.4225,17.6600,1966874
2019-12-16,17.4700,17.8400,17.3000,17.6000,1574388
2019-12-13,17.7500,17.8900,17.1600,17.2400,2621272
2019-12-12,16.9300,17.7300,16.8800,17.6600,2980139
2019-12-11,16.4300,16.9800,16.3800,16.8100,2533411
2019-12-10,16.1100,16.4700,16.0450,16.3300,2792827
2019-12-09,16.3500,16.5100,16.0700,16.1000,3871180
2019-12-06,16.6300,16.8700,16.4000,16.5100,1975751
2019-12-05,16.8500,17.0200,16.2000,16.2900,2348189
2019-12-04,16.6700,17.1500,16.6450,16.6700,2933466
2019-12-03,16.6600,16.7300,16.2600,16.6600,2528025
2019-12-02,17.5500,17.9300,17.0450,17.1100,1966492
2019-11-29,17.6100,17.7600,17.3200,17.4400,671873
2019-11-27,17.7700,18.2743,17.5900,17.7200,2113117
2019-11-26,18.1600,18.1950,17.4900,17.6500,8235591
2019-11-25,17.8900,18.5917,17.7500,18.1500,2055683
2019-11-22,17.6500,18.0950,17.5500,17.8300,1663903
2019-11-21,17.5300,17.6800,17.0800,17.5000,2016045
2019-11-20,17.3000,17.6250,16.9089,17.4400,2332315
2019-11-19,17.4000,17.6150,17.0500,17.4600,1981486
2019-11-18,18.0900,18.1232,17.0300,17.3500,2582895
2019-11-15,18.3700,18.7800,18.2500,18.2900,1764888
2019-11-14,17.6900,18.4400,17.6900,18.2000,2183682
2019-11-13,18.3200,18.3200,17.7600,17.8500,2911146
2019-11-12,18.8400,19.1300,18.4800,18.5200,2404217
2019-11-11,18.5600,18.9300,18.1400,18.8900,3779146
2019-11-08,18.6200,18.9600,18.1200,18.8000,2169484
2019-11-07,18.7700,19.3600,18.7600,18.8500,2062131
2019-11-06,18.9900,19.1500,18.2900,18.3500,3144622
2019-11-05,19.3100,19.9600,19.0450,19.1500,2420583
2019-11-04,18.7700,19.5900,18.6000,19.3100,3443491
2019-11-01,16.3500,18.6100,16.1000,18.5900,4199984
2019-10-31,17.8200,18.3100,16.0000,16.1100,5709414
2019-10-30,19.6900,19.7200,19.2100,19.3700,2487738
2019-10-29,19.6400,19.8400,19.4000,19.6600,2258095
2019-10-28,20.0400,20.3000,19.7300,19.8700,1579473
2019-10-25,19.4800,20.0100,19.3500,19.8400,1929044
2019-10-24,19.7000,19.8250,19.1600,19.5000,1664920
2019-10-23,19.7500,19.8650,19.3100,19.6900,2570683
2019-10-22,19.5400,19.9000,18.9800,19.8000,1551256
2019-10-21,19.3000,19.9181,19.0959,19.5200,1494409
2019-10-18,19.0900,19.3500,18.8600,19.0600,1765280
2019-10-17,19.1200,19.3100,18.9500,19.2500,1502936
2019-10-16,18.9700,19.5100,18.8800,19.0000,1307873
2019-10-15,19.0000,19.4500,18.7200,19.1600,1614733
2019-10-14,18.7500,18.8900,18.1600,18.8800,2596061
2019-10-11,18.3300,19.3600,18.3300,18.8600,2473475
2019-10-10,17.7900,18.3250,17.6900,17.9200,1652237
2019-10-09,17.7600,17.8400,17.4650,17.6700,1344667
2019-10-08,17.8700,17.8700,17.2500,17.5200,1717207
2019-10-07,18.3200,18.5800,18.0700,18.1800,1240366
2019-10-04,18.0800,18.3800,17.9600,18.3200,1529882
2019-10-03,17.6700,18.1300,17.4500,18.0400,1801659
2019-10-02,17.9000,18.2000,17.4500,17.8000,1702226
2019-10-01,19.2700,19.5500,18.0200,18.2000,2102847
2019-09-30,18.5900,19.2100,18.4500,19.1300,2147300
2019-09-27,18.2900,18.7500,18.2100,18.5600,2194178
2019-09-26,18.9200,18.9200,18.2400,18.2900,1587275
2019-09-25,18.8400,19.3800,18.4000,19.1800,2388693
2019-09-24,20.7000,20.7600,18.3300,18.9500,4647296
2019-09-23,19.7100,20.8800,19.4900,20.7000,2072597
2019-09-20,20.9900,21.0800,19.3300,20.1500,4377007
2019-09-19,20.9400,21.3500,20.7600,20.9100,1606896
2019-09-18,21.2000,21.6000,20.7000,20.8300,1976276
2019-09-17,21.6100,21.8950,21.1000,21.5300,2296960
2019-09-16,21.6100,22.1400,20.9000,21.9100,2268435
2019-09-13,22.2000,22.4900,20.8850,20.9600,4820729
2019-09-12,21.2300,21.9700,20.4100,21.8300,2999675
2019-09-11,20.7800,21.2900,20.0500,21.2100,2050407
2019-09-10,20.5300,20.8490,20.1900,20.7500,2333837
2019-09-09,19.5800,20.5100,19.4700,20.4400,2978953
2019-09-06,19.5100,19.7000,19.2400,19.3400,2109511
2019-09-05,19.1400,19.8400,19.0600,19.6400,3057634
2019-09-04,17.9900,18.9700,17.9700,18.8600,2967301
2019-09-03,17.3100,17.7700,17.0100,17.6800,3002385
2019-08-30,17.5800,17.9200,17.4000,17.6700,2698686
2019-08-29,17.0000,17.6300,16.9500,17.3000,2118223
2019-08-28,16.2900,17.1300,16.2600,16.8400,2105511
2019-08-27,17.1000,17.1500,16.2500,16.3500,3756960
2019-08-26,17.2900,17.3700,16.8400,16.9200,1955468
2019-08-23,17.4300,17.7000,16.9800,17.0700,2940861
2019-08-22,17.5000,18.0184,17.4800,17.6500,3121636
2019-08-21,17.2600,17.5800,17.1400,17.3500,2436288
2019-08-20,17.4200,17.4900,16.5350,17.0500,2461677
2019-08-19,17.7400,17.9700,17.3200,17.4700,3574281
2019-08-16,16.8800,17.4100,16.7900,17.3800,5846263
2019-08-15,17.5900,17.7300,16.5200,16.8000,4668943
2019-08-14,18.0000,18.2000,16.9663,17.5500,3752042
2019-08-13,18.3000,18.9800,18.0318,18.4000,3938490
2019-08-12,19.1700,19.2600,18.2400,18.3300,1914898
2019-08-09,20.0000,20.0800,19.1800,19.4100,2567521
2019-08-08,20.3200,20.5485,19.8000,20.0200,4852931
2019-08-07,20.3500,20.4700,19.7900,20.1400,6340159
2019-08-06,21.3800,21.8900,20.0700,20.7500,6925767
2019-08-05,22.2100,22.4000,21.0700,21.0900,5571549
2019-08-02,26.7400,27.7800,22.1000,22.6700,10348651
2019-08-01,32.4000,32.5100,30.3400,30.9100,2332082
2019-07-31,32.9500,33.6659,32.2500,32.5100,1719407
2019-07-30,32.1900,33.0400,31.0500,33.0200,1706398
2019-07-29,32.9500,33.2200,32.6600,32.7400,1109018
2019-07-26,32.8200,33.0900,32.5700,32.9500,1125158
2019-07-25,33.2800,33.4480,32.7800,32.8700,882469
2019-07-24,32.3000,33.2300,32.3000,33.1800,1190280
2019-07-23,32.1200,32.5700,32.0574,32.5400,1047407
2019-07-22,31.6200,32.3600,31.6200,31.8100,1240238
2019-07-19,31.1800,32.0500,30.9900,31.6900,1149479
2019-07-18,31.9300,31.9300,30.7900,30.9400,1661922
2019-07-17,32.8500,32.8500,32.1100,32.1200,984607
2019-07-16,33.1000,33.4900,32.8500,32.8900,1079292
2019-07-15,32.9600,33.1500,32.3900,33.1200,2177595
2019-07-12,31.9900,32.9900,31.8800,32.8800,871961
2019-07-11,32.0500,32.1000,31.5100,31.9200,630650
2019-07-10,31.8600,32.1000,31.5400,31.8900,876302
2019-07-09,31.4800,31.6800,31.2800,31.6000,825156
2019-07-08,32.1100,32.4730,31.6000,31.7100,860663
2019-07-05,31.9800,32.3900,31.8500,32.3700,754349
2019-07-03,32.3100,32.3200,31.7800,32.2500,638076
2019-07-02,33.1000,33.2246,32.0500,32.0700,1554031
2019-07-01,34.2800,34.4290,33.0400,33.3300,1525562
2019-06-28,33.0700,33.7300,32.8100,33.6900,2472935
2019-06-27,32.5000,33.0700,32.4900,32.9600,2203027
2019-06-26,32.0100,32.7300,31.9800,32.4000,2928910
2019-06-25,31.0900,31.9000,31.0900,31.7000,1988830
2019-06-24,31.9900,32.2500,31.0450,31.1100,1736049
2019-06-21,31.2500,32.2700,30.8900,32.0600,2948343
2019-06-20,31.4400,31.7600,31.1350,31.5500,1005229
2019-06-19,31.2400,31.4400,30.5700,30.8600,1300341
2019-06-18,30.1700,31.1100,30.0000,31.0900,1824625
2019-06-17,29.3500,30.2600,29.1603,29.9200,2526609
2019-06-14,30.2800,30.2800,29.2900,29.3100,2516678
2019-06-13,29.5800,30.4500,29.5400,30.4000,4353334
2019-06-12,29.5900,29.7900,29.1700,29.3800,1991667
2019-06-11,29.8200,30.1500,29.7000,29.8300,1650133
2019-06-10,29.6800,29.9300,29.3800,29.4300,883651
2019-06-07,29.5000,29.7600,29.1450,29.3900,1377842
2019-06-06,29.4000,29.7400,29.1100,29.4000,1710618
2019-06-05,29.3400,29.6400,28.7900,29.4400,3320559
2019-06-04,28.4400,29.1600,28.2300,29.1500,3558641
2019-06-03,27.7500,28.7000,27.6900,28.2000,36297990
2019-05-31,28.1700,28.3500,27.7000,27.7200,3211960
2019-05-30,28.7600,29.3000,28.7100,28.7600,3122761
2019-05-29,28.5700,29.1200,28.3400,28.7600,3606819
2019-05-28,29.1100,29.1700,28.4650,28.5300,2184616
2019-05-24,29.0300,29.2400,28.7350,29.0400,1843869
2019-05-23,29.0100,29.1200,28.6100,28.8500,1874122
2019-05-22,29.9800,29.9800,29.3800,29.4800,1097916
2019-05-21,29.5000,30.1600,29.4100,30.1500,1598651
2019-05-20,29.4400,29.6400,29.2900,29.4700,1684035
2019-05-17,29.2000,30.0200,29.1200,29.6100,2264650
2019-05-16,29.7800,29.9800,29.4900,29.5000,3595931
2019-05-15,29.5800,29.9300,29.2800,29.7000,1688408
2019-05-14,29.5800,30.4000,29.5700,29.9100,1758650
2019-05-13,30.0100,30.1600,29.2400,29.5300,2118239
2019-05-10,29.9100,30.7650,29.6125,30.7300,2570193
2019-05-09,29.0200,29.9400,28.6000,29.9100,3230537
2019-05-08,29.5100,29.6300,28.9800,29.2600,6136108
2019-05-07,28.3800,29.5600,28.3800,29.5300,3653735
2019-05-06,28.5200,29.4200,28.2100,29.0100,4434783
2019-05-03,30.0800,30.1200,28.1000,29.3200,8534582
2019-05-02,29.1000,31.3400,28.0000,29.7200,15276166
2019-05-01,39.9400,40.3400,39.1200,39.1500,1157995
2019-04-30,39.4800,39.8450,38.9300,39.7300,1123142
2019-04-29,39.8600,40.0550,39.4900,39.6000,719921
2019-04-26,39.8600,39.9495,39.2800,39.7400,1692312
2019-04-25,40.9100,40.9100,39.8650,39.8700,746985
2019-04-24,41.5100,41.6600,41.1400,41.1500,736676
2019-04-23,41.2300,41.9100,41.0300,41.5600,824799
2019-04-22,41.0500,41.4000,40.8600,41.3500,1315529
2019-04-18,40.8000,41.1100,40.5050,41.0500,909019
2019-04-17,40.8500,41.1800,40.5300,40.7100,1465237
2019-04-16,40.5800,40.8500,40.3200,40.5600,1205297
2019-04-15,40.7400,41.3600,40.4900,40.5100,1422075
2019-04-12,41.2400,41.6700,40.7550,41.1800,793304
2019-04-11,39.7900,40.9300,39.7300,40.8700,1380129
2019-04-10,39.3600,39.9500,39.0800,39.7400,941820
2019-04-09,39.8500,39.8500,39.0200,39.2100,807101
2019-04-08,40.3100,40.5600,39.9200,40.2300,926380
2019-04-05,39.8200,40.5400,39.7400,40.5300,1747763
2019-04-04,38.8800,39.9500,38.8800,39.8900,1910218
2019-04-03,38.7800,39.3100,38.7171,38.9400,1501727
2019-04-02,38.6300,38.7000,38.0550,38.5000,1268153
2019-04-01,37.1500,38.7750,37.1500,38.6400,1761767
2019-03-29,37.1100,37.5700,36.6800,36.8000,1198188
2019-03-28,36.2700,36.8900,36.1100,36.6800,1046723
2019-03-27,35.9300,36.3600,35.7700,36.0600,1212346
2019-03-26,35.7700,36.0800,35.2700,35.9600,1414317
2019-03-25,35.4600,35.8100,35.0200,35.4900,1016179
2019-03-22,37.3400,37.3600,35.5700,35.5900,1070474
2019-03-21,36.9200,37.8400,36.9200,37.5400,858327
2019-03-20,37.5500,37.6800,36.7100,37.1000,874742
2019-03-19,38.3500,38.9800,37.5600,37.6900,1531046
2019-03-18,37.8000,38.4100,37.7000,38.1000,1045819
2019-03-15,37.7100,38.1437,37.5900,37.7400,1792340
2019-03-14,37.8000,37.9400,37.4700,37.5800,1024524
2019-03-13,37.5400,38.0200,37.2600,37.8000,1359897
2019-03-12,37.3100,37.5300,37.0500,37.2800,1428428
2019-03-11,36.4600,37.4100,36.4000,37.1800,1294774
2019-03-08,35.8400,36.5400,35.7100,36.5200,1648289
2019-03-07,36.7200,36.8200,35.9000,36.3700,1376301
2019-03-06,37.2900,37.5200,36.8000,36.8000,1134776
2019-03-05,37.7600,37.9400,37.2800,37.4300,1272563
2019-03-04,37.8400,38.1700,37.3000,37.6800,1708388
2019-03-01,37.9000,38.4200,37.4100,37.4400,1632498
2019-02-28,38.3900,38.3900,37.4550,37.6000,1393441
2019-02-27,38.0400,38.5000,37.5800,38.4000,1572056
2019-02-26,38.0600,38.8200,38.0400,38.3000,1885298
2019-02-25,38.8500,38.8700,37.8300,37.9600,2874964
2019-02-22,38.1300,39.0000,37.2500,38.3900,3689242
2019-02-21,37.6200,38.1300,37.5000,37.8200,2940753
2019-02-20,37.2200,38.0600,36.7800,37.7000,3509871
2019-02-19,36.0100,37.1500,35.8700,37.0000,1858118
2019-02-15,35.6500,36.6400,35.6400,36.3100,2058891
2019-02-14,35.9300,36.0600,35.4500,35.6900,1895701
2019-02-13,36.6400,37.1700,36.1100,36.1200,2152631
2019-02-12,34.8200,37.1200,34.8200,36.6400,3032355
2019-02-11,34.4100,34.4300,33.9200,34.4000,1606674
2019-02-08,34.5300,34.8500,33.4950,34.4800,2371053
2019-02-07,36.0000,36.0600,34.5500,34.7600,1699926
2019-02-06,35.8300,36.3300,35.3900,36.1700,1897653
2019-02-05,36.0800,36.6100,35.3800,35.7300,2865639
2019-02-04,36.2200,36.4350,35.6900,36.2000,1807297
2019-02-01,36.5600,36.9100,36.2700,36.3200,1063595
2019-01-31,36.4400,36.8600,36.0500,36.5700,2328744
2019-01-30,36.5000,36.7300,35.5300,36.2700,2622104
2019-01-29,36.4500,36.7200,36.2000,36.2400,1923470
2019-01-28,36.7700,37.0150,36.0400,36.4300,2661000
2019-01-25,37.1200,37.6200,37.0800,37.3200,1573878
2019-01-24,36.4000,37.2300,36.4000,36.8200,1571038
2019-01-23,37.1800,37.4800,36.1600,36.4900,1045016
2019-01-22,38.2200,38.6300,36.7800,37.0000,2175606
2019-01-18,37.7700,38.6000,37.7100,38.5300,1963538
2019-01-17,36.4400,37.6300,36.3300,37.3500,999540
2019-01-16,36.4000,36.7800,36.2700,36.4400,946877
2019-01-15,36.8900,36.9067,36.3001,36.5000,1072731
2019-01-14,36.0300,37.1500,35.7538,36.6900,2136547
2019-01-11,35.8000,36.8800,35.4583,36.6400,2968782
2019-01-10,35.4500,36.1300,35.2200,36.1200,1336099
2019-01-09,35.5400,36.2000,35.1200,35.8000,1711951
2019-01-08,35.2200,35.8300,35.0200,35.2900,1472247
2019-01-07,34.0000,35.1300,33.7100,34.9100,2203763
2019-01-04,33.1200,34.2100,32.8355,34.1200,2435264
2019-01-03,32.8900,33.1000,32.0000,32.3700,2114902
2019-01-02,31.6600,33.0863,31.3500,32.9400,1485602
2018-12-31,31.9600,32.5500,31.6626,32.2000,1780061
2018-12-28,32.3100,32.4700,31.6100,31.8300,2152032
2018-12-27,31.2500,32.1500,30.5500,32.1500,2434982
2018-12-26,30.1500,32.3200,30.0100,32.3100,2421588
2018-12-24,29.9500,30.8200,29.7800,29.9900,1197564
2018-12-21,31.2400,31.7000,30.0800,30.2300,3877810
2018-12-20,31.8600,32.3200,30.6100,31.0500,1869878
2018-12-19,32.3900,33.7000,31.7850,31.9400,2520832
2018-12-18,32.7000,33.1886,32.2200,32.3800,2026613
2018-12-17,32.8500,33.3100,32.3300,32.5800,1966575
2018-12-14,33.0500,33.9000,32.7100,32.9000,1641593
2018-12-13,34.3700,34.5700,33.4700,33.5300,2587421
2018-12-12,34.3700,34.8700,33.9600,34.1100,2839759
2018-12-11,36.4200,36.5800,33.7200,33.8000,4916455
2018-12-10,36.5100,36.5200,35.2000,35.7100,2006691
2018-12-07,37.5700,38.2000,36.2300,36.5300,3086326
2018-12-06,37.6000,37.6950,35.6500,37.3400,3351233
2018-12-04,41.2600,41.3500,38.3900,38.7600,2087783
2018-12-03,41.8000,42.1800,40.9900,41.3600,1760571
2018-11-30,41.0600,41.3700,40.6000,40.9300,2661283
2018-11-29,41.8500,41.9800,40.8900,41.0800,1334633
2018-11-28,40.9000,41.8700,40.1400,41.8000,2000949
2018-11-27,40.9700,41.4900,40.2800,40.7100,1385281
2018-11-26,40.6700,41.8000,40.5100,41.2200,1964569
2018-11-23,41.0000,41.0300,40.1800,40.2100,842776
2018-11-21,41.8400,42.2000,41.5200,41.6600,1620759
2018-11-20,42.8800,42.9100,41.3000,41.4000,2997901
2018-11-19,44.4100,44.6200,42.9000,43.6500,2368507
2018-11-16,45.6000,46.9700,44.5800,44.6700,2914434
2018-11-15,44.3500,46.5050,44.3100,45.7700,3428116
2018-11-14,45.1500,46.3200,44.6500,44.7500,2092740
2018-11-13,45.2100,45.5900,43.9800,44.5000,1733409
2018-11-12,46.6300,46.7381,44.9100,45.0200,1755228
2018-11-09,47.6500,47.8900,46.5000,46.6000,2097145
2018-11-08,49.2100,49.4500,48.0900,48.2300,1248310
2018-11-07,49.2600,49.4500,48.0600,49.2100,1607232
2018-11-06,47.1300,48.7400,47.1300,48.1700,1815909
2018-11-05,46.5700,47.9500,46.4600,47.3300,3409268
2018-11-02,43.5550,46.9700,43.5550,45.9700,3005319
2018-11-01,44.0600,44.9600,43.7500,44.8300,2197142
2018-10-31,45.4500,45.8900,43.8400,43.8600,2212902
2018-10-30,43.4900,44.6500,43.1200,44.5300,1552537
2018-10-29,44.7100,44.7100,42.6600,43.4000,2910800
2018-10-26,42.8600,44.7800,42.2200,44.1600,2301144
2018-10-25,43.0200,44.0650,42.9200,43.6100,1389998
2018-10-24,45.0700,45.2100,42.5100,42.6100,1937393
2018-10-23,45.0900,45.3800,44.2100,44.9800,1347165
2018-10-22,46.9900,46.9900,46.0000,46.2200,1654327
2018-10-19,47.0200,47.2200,46.4000,46.6600,1915980
2018-10-18,47.1200,48.4400,46.3800,46.7900,2076492
2018-10-17,46.8300,47.0200,46.2600,46.7400,2431304
2018-10-16,45.5400,46.9450,45.3200,46.8700,2579092
2018-10-15,46.5200,46.7900,45.0700,45.2300,2137091
2018-10-12,47.0800,47.0900,45.5850,46.7100,3620043
2018-10-11,47.5100,50.0000,46.1200,46.5300,6788188
2018-10-10,58.7500,58.7500,56.0801,56.2200,1484149
2018-10-09,59.2600,59.4400,58.6300,58.7100,1302919
2018-10-08,58.4800,59.7495,58.3400,59.3300,2480147
2018-10-05,59.0800,59.2900,58.3100,58.7200,778299
2018-10-04,59.4200,59.7600,58.7738,59.1100,1070033
2018-10-03,60.3700,60.4900,59.1800,59.5400,1516225
2018-10-02,59.1600,60.6000,59.0300,60.2500,1750294
2018-10-01,58.6400,59.1400,58.3850,58.6100,1808485
2018-09-28,58.4600,58.7800,58.0100,58.1000,2180489
2018-09-27,58.3300,58.8400,58.0900,58.3700,646328
2018-09-26,58.6400,58.8900,58.0800,58.1500,726515
2018-09-25,59.1400,59.3416,58.5400,58.6200,797207
2018-09-24,59.3700,59.8000,58.7400,59.0600,672647
2018-09-21,59.1900,59.8000,59.1000,59.4300,1170158
2018-09-20,59.3700,59.9900,58.8300,59.0000,781804
2018-09-19,58.5700,59.2400,58.4300,58.9000,1109202
2018-09-18,57.9000,58.8000,57.9000,58.5700,801580
2018-09-17,58.0600,58.4400,57.5200,57.6300,678560
2018-09-14,57.2500,58.0596,56.7600,57.8400,735776
2018-09-13,58.0000,58.7000,57.3100,57.4500,757298
2018-09-12,57.2400,57.8000,57.0100,57.6200,559330
2018-09-11,56.6700,57.4600,56.6300,57.1500,785396
2018-09-10,56.3100,57.3100,56.3100,56.9700,1135294
2018-09-07,56.0300,56.3500,55.6400,56.1100,846389
2018-09-06,57.0000,57.2400,56.3400,56.3800,1237233
2018-09-05,56.2800,56.9800,56.0850,56.9200,1222541
2018-09-04,57.4200,57.4200,56.3200,56.5500,1418359
2018-08-31,57.0800,57.6000,57.0000,57.4100,1178229
2018-08-30,58.1100,58.4200,57.4500,57.7500,686669
2018-08-29,58.2300,58.4900,56.0000,58.3300,848032
2018-08-28,58.6300,58.9400,58.0100,58.2800,1034305
2018-08-27,58.0000,58.8000,57.8200,58.6300,1020454
2018-08-24,57.7300,57.8600,57.3000,57.7000,964173
2018-08-23,57.5000,57.6100,57.1400,57.5600,566576
2018-08-22,57.6000,57.8900,57.3000,57.5100,1030222
2018-08-21,57.2100,57.8300,57.1800,57.6200,1676822
2018-08-20,56.8700,57.1900,56.6900,57.0000,1203971
2018-08-17,56.5100,57.0101,55.8300,56.8200,1152759
2018-08-16,55.3400,56.2200,55.2000,55.8600,830690
2018-08-15,55.7400,56.1000,54.6038,55.2200,1337322
2018-08-14,55.6200,56.5600,55.5300,56.2800,1130516
2018-08-13,56.5300,56.7000,55.1300,55.4200,1296226
2018-08-10,55.5900,56.0000,55.2500,55.6600,743695
2018-08-09,56.3800,56.8000,56.0700,56.1400,950317
2018-08-08,56.1700,56.4600,55.6100,56.3300,1003806
2018-08-07,56.8500,57.0000,55.6400,56.3500,1584996
2018-08-06,55.6500,57.0490,55.2500,56.2900,2182998
2018-08-03,53.9700,56.0100,53.4300,55.6500,2789975
2018-08-02,50.6500,51.7900,50.0750,51.7000,1913917
2018-08-01,50.8400,51.3500,50.4600,51.0900,1430411
2018-07-31,51.0000,51.5000,50.8700,51.2500,1019914
2018-07-30,50.5000,51.2150,50.3600,50.7100,739667
2018-07-27,50.6700,51.0800,50.2600,50.4000,1150301
2018-07-26,50.3800,51.9200,50.1600,50.5900,1746781
2018-07-25,49.4700,50.5000,49.2200,50.4100,1293533
2018-07-24,49.0200,49.7300,49.0200,49.5900,1347844
2018-07-23,48.8700,49.0100,48.5000,48.7400,629858
2018-07-20,49.1300,49.1700,48.6050,48.9200,863751
2018-07-19,48.7200,49.5600,48.4800,49.3200,679754
2018-07-18,48.3000,49.1900,48.0600,49.1000,1442375
2018-07-17,47.9800,48.6300,47.9000,48.3900,1224840
2018-07-16,49.4000,49.5300,47.9400,48.0900,1450040
2018-07-13,48.9900,49.5400,48.6400,49.4500,1147194
2018-07-12,49.2800,49.2800,48.4400,48.8900,614612
2018-07-11,49.2800,49.4100,48.8300,48.8400,647796
2018-07-10,49.7200,50.2500,49.3900,49.7600,918464
2018-07-09,49.1100,49.7700,49.0300,49.6900,1151595
2018-07-06,48.6100,49.2550,48.3100,49.0500,860041
2018-07-05,48.8000,48.8500,48.4000,48.7300,1012735
2018-07-03,49.1300,49.1300,48.2900,48.4100,417250
2018-07-02,48.3000,48.7600,47.9100,48.5900,1194022
2018-06-29,48.6000,49.5700,48.5900,48.7800,828296
2018-06-28,48.4100,48.4350,47.6100,48.2000,1519268
2018-06-27,48.9200,49.7100,48.4400,48.4800,1011129
2018-06-26,48.6100,49.1500,48.1000,48.7200,969112
2018-06-25,49.1000,49.3300,48.1550,48.5000,940040
2018-06-22,49.4200,49.8500,48.9800,49.5200,1322529
2018-06-21,49.5000,49.5000,48.4410,48.6900,923637
2018-06-20,49.3100,49.8750,48.8500,49.6900,714890
2018-06-19,49.2000,49.4050,48.1700,49.2100,721424
2018-06-18,48.3800,50.2400,48.3800,49.7100,1373886
2018-06-15,48.8500,48.9000,48.1900,48.6800,2344312
2018-06-14,49.4500,49.6300,48.6800,48.8900,1400104
2018-06-13,49.9100,49.9400,49.4400,49.4400,1316230
2018-06-12,50.4600,50.5100,49.5100,49.8200,1010592
2018-06-11,50.2500,50.5400,50.1200,50.3300,836277
2018-06-08,49.5800,50.3500,49.4545,50.3400,780439
2018-06-07,49.8200,50.0000,49.2350,49.6700,1054286
2018-06-06,49.1200,49.6500,48.8600,49.6100,1727655
2018-06-05,48.8600,49.3300,48.7003,49.1100,1899788
2018-06-04,49.0900,49.5300,48.5100,48.7700,973208
2018-06-01,49.0600,49.3500,48.7300,49.0000,1675663
2018-05-31,49.0100,49.2700,48.4500,48.7400,1871902
2018-05-30,48.7200,49.6300,48.5217,49.5600,1091411
2018-05-29,48.1100,48.5100,47.7700,48.3900,1225640
2018-05-25,48.3000,48.6600,48.0400,48.5300,1102959
2018-05-24,48.7900,49.1800,48.2500,48.7500,1484825
2018-05-23,49.7200,49.9700,48.4000,49.0200,2151716
2018-05-22,49.8800,50.3700,49.8200,50.1300,1479804
2018-05-21,50.1000,50.6700,49.8900,50.1200,1946550
2018-05-18,49.7800,50.1500,49.3400,49.9000,2369474
2018-05-17,48.8400,49.8200,48.8400,49.7800,2505214
2018-05-16,48.6100,49.9900,48.6100,49.2500,2727813
2018-05-15,46.7600,48.5900,46.6800,48.4800,3374060
2018-05-14,46.5500,47.1100,46.3400,46.8400,1624717
2018-05-11,46.4000,46.7100,46.1150,46.5500,1625413
2018-05-10,45.4700,46.6000,45.3300,46.3600,2116288
2018-05-09,46.0500,46.6700,45.3400,45.4200,3487992
2018-05-08,44.3600,45.8400,44.0400,44.6700,3163816
2018-05-07,45.2200,45.2200,43.8601,44.4900,6302667
2018-05-04,47.1400,48.6500,45.5800,45.7600,12390583
2018-05-03,58.4400,59.3700,57.8300,58.9900,1223861
2018-05-02,59.0600,59.4500,58.6800,58.7400,1302693
2018-05-01,59.0400,59.3900,58.0700,59.0400,875776
2018-04-30,60.2400,60.6900,58.9200,58.9500,1054684
2018-04-27,59.4700,60.7500,59.4501,60.2200,1292694
2018-04-26,59.7500,59.7700,58.8600,59.4600,1060300
2018-04-25,59.5500,60.3700,59.3200,59.6400,1304600
2018-04-24,61.7500,62.0800,59.1700,59.7300,1832193
2018-04-23,58.6700,61.6400,58.6500,61.4800,2221950
2018-04-20,59.2100,59.3100,58.2220,58.5800,1661491
2018-04-19,59.3900,59.8000,59.0200,59.1500,657596
2018-04-18,58.7200,59.6600,58.6200,59.3900,1343905
2018-04-17,58.2000,58.7750,58.0100,58.6700,940295
2018-04-16,58.3400,58.3500,57.8350,57.9600,1110884
2018-04-13,58.7600,58.8800,57.6600,57.9200,1105169
2018-04-12,59.2000,59.8000,58.4700,58.6200,1978484
2018-04-11,57.9700,59.1200,57.9700,58.7700,770874
2018-04-10,57.8000,58.8500,57.5300,58.5600,761796
2018-04-09,57.0800,57.8300,56.7900,56.9000,605633
2018-04-06,57.9000,58.2600,55.9100,56.7200,1065295
2018-04-05,58.3500,58.9500,58.1800,58.5400,832061
2018-04-04,55.9700,58.1100,55.9000,58.0300,866863
2018-04-03,56.2900,57.3000,55.9800,57.2600,762408
2018-04-02,56.9700,57.0600,55.1900,55.9700,1025857
2018-03-29,55.9700,57.5800,55.9700,57.2200,1137126
2018-03-28,55.9000,56.4199,55.5600,55.8500,728004
2018-03-27,56.5500,57.0200,55.3900,55.7600,920979
2018-03-26,55.7100,56.4400,54.9600,56.3200,880665
2018-03-23,56.1200,56.4000,54.7000,54.8500,1112042
2018-03-22,57.6100,57.8700,55.8700,55.9000,1257784
2018-03-21,57.3000,59.1800,57.0600,58.3000,1088234
2018-03-20,57.2200,57.6300,57.1400,57.1800,589182
2018-03-19,57.5500,57.5500,56.4300,56.8400,955675
2018-03-16,57.4100,58.2100,57.1100,57.6400,1577653
2018-03-15,57.5400,57.8700,56.9500,57.3100,862692
2018-03-14,58.1300,58.2400,57.3100,57.5000,655778
2018-03-13,58.4800,58.8161,57.7000,57.8300,579976
2018-03-12,58.5000,58.8800,58.1800,58.2800,983921
2018-03-09,57.5100,58.6800,57.3600,58.5200,970772
2018-03-08,57.7900,57.9071,56.3400,57.1700,1258356
2018-03-07,57.0000,57.7200,56.4900,57.6600,1343056
2018-03-06,57.2900,57.7400,56.9700,57.5700,1180877
2018-03-05,56.2400,57.4500,56.2000,57.0600,1054697
2018-03-02,55.2400,56.7800,54.9400,56.5900,1230304
2018-03-01,56.8300,57.2100,55.2600,55.7800,1615058
2018-02-28,57.7100,58.1000,56.9000,56.9000,1599138
2018-02-27,58.7000,59.3400,57.8000,57.8000,1296462
2018-02-26,58.2400,58.6900,57.6600,58.5800,1137507
2018-02-23,58.5200,58.5700,56.8407,58.1500,1281460
2018-02-22,57.8900,59.5700,57.7000,58.1100,1688314
2018-02-21,59.7000,59.9900,57.3700,57.4300,3047836
2018-02-20,57.4800,58.5990,57.1700,58.0400,1918868
2018-02-16,57.6800,58.4400,57.1800,57.6300,1363411
2018-02-15,58.0000,58.7300,57.0100,57.8500,885451
2018-02-14,55.3900,57.4800,55.2200,57.3700,1068612
2018-02-13,55.9000,56.3600,55.3300,55.8200,1631100
2018-02-12,55.3500,56.8000,55.1000,56.3100,1547996
2018-02-09,56.1000,56.4550,53.2200,55.0100,1940386
2018-02-08,56.9900,57.0280,55.3000,55.3100,1823705
2018-02-07,56.8800,57.8600,56.8800,57.0400,1464867
2018-02-06,55.9000,57.4890,55.3000,57.1600,2460563
2018-02-05,58.2900,58.9500,56.0200,56.2500,2410049
2018-02-02,59.9300,60.0300,58.6100,58.7900,2242436
2018-02-01,60.4300,61.0300,60.1566,60.4400,1004841
2018-01-31,60.9400,61.4000,60.2700,60.7000,1120925
2018-01-30,61.1800,61.2700,60.0700,60.3700,1239908
2018-01-29,61.3600,62.0500,61.3600,61.6100,928651
2018-01-26,61.2700,61.5500,60.9600,61.5300,940593
2018-01-25,61.7000,61.7450,60.6100,61.2200,1482684
2018-01-24,61.7200,62.0900,60.9700,61.2800,2795830
2018-01-23,61.2200,61.8800,60.9000,61.4600,1976241
2018-01-22,60.3800,61.5650,60.1410,61.2900,2404330
2018-01-19,60.1100,60.6100,58.8300,60.4300,1767556
2018-01-18,59.3400,60.5000,59.0100,60.0600,2490370
2018-01-17,58.3600,58.4300,57.7200,58.1300,1481775
2018-01-16,57.3800,58.2600,57.1700,58.0300,1868483
2018-01-12,56.3900,57.2900,56.1677,57.0700,2108854
2018-01-11,54.1900,56.1900,54.1400,56.1500,1691331
2018-01-10,53.6200,54.0700,53.5000,54.0600,1175930
2018-01-09,53.7600,53.9300,53.3650,53.8100,939271
2018-01-08,53.3300,53.8200,52.8700,53.7800,1148867
2018-01-05,53.3400,53.5200,52.9300,53.4100,944617
2018-01-04,53.3200,53.5000,52.7500,53.2600,823029
2018-01-03,53.1300,53.2900,52.7056,53.1000,1183529
2018-01-02,51.8000,52.4300,51.7800,52.3300,1007850
2017-12-29,51.7300,52.0300,51.3900,51.6500,1061628
2017-12-28,51.6900,51.7900,51.3000,51.7600,442385
2017-12-27,51.4800,51.5000,51.1900,51.4500,788292
2017-12-26,51.1000,51.4700,50.9700,51.4500,601221
2017-12-22,50.9900,51.3000,50.5200,51.0700,462966
2017-12-21,50.7600,51.4025,50.5500,51.2600,1244872
2017-12-20,50.5800,51.1800,50.4210,50.9000,834159
2017-12-19,50.8100,51.4400,50.6000,50.6200,1122455
2017-12-18,50.5900,50.9300,50.3200,50.8400,835914
2017-12-15,50.3800,50.9200,50.0500,50.4500,1914778
2017-12-14,50.0800,50.1600,49.7500,49.8700,1201208
2017-12-13,50.2900,50.4800,49.8900,50.0300,1089545
2017-12-12,50.2400,50.7300,50.1700,50.4300,966671
2017-12-11,50.3900,50.3900,49.8200,50.1300,1402039
2017-12-08,49.9200,50.4000,49.5000,50.3800,969575
2017-12-07,48.9800,49.6450,48.9800,49.5400,1105131
2017-12-06,48.7900,49.5200,48.7700,49.1500,1019928
2017-12-05,49.3400,49.3700,48.7500,48.8600,1303293
2017-12-04,48.9100,50.3800,48.8200,49.3900,1944342
2017-12-01,48.4600,48.9300,47.5200,48.6700,1100914
2017-11-30,48.2300,48.7500,48.0400,48.4100,1477278
2017-11-29,47.7000,48.7500,47.6800,48.2000,1280800
2017-11-28,46.9600,47.6850,46.8200,47.6400,1846304
2017-11-27,46.7900,47.1300,46.5000,46.9300,997493
2017-11-24,47.4100,47.4350,46.8000,46.8900,601098
2017-11-22,47.7800,47.8100,47.1000,47.2600,2030082
2017-11-21,46.9900,47.8400,46.9000,47.5600,1410921
2017-11-20,46.6000,47.2300,46.4800,46.7800,1322080
2017-11-17,46.4500,46.8150,46.3800,46.7000,1323760
2017-11-16,45.4000,46.5300,45.3439,46.4200,3307237
2017-11-15,45.5400,45.6200,45.0000,45.2700,1161534
2017-11-14,46.4300,46.4300,45.4700,45.6600,1232758
2017-11-13,46.9600,47.0400,46.2280,46.6800,1146794
2017-11-10,47.0000,47.3200,46.8700,47.0400,888079
2017-11-09,47.1800,47.4500,46.8500,47.0500,1633516
2017-11-08,47.9700,48.3500,47.2800,47.6200,1841272
2017-11-07,48.7000,48.7700,47.9800,48.0800,1656887
2017-11-06,47.0700,48.6550,47.0700,48.5700,2445348
2017-11-03,44.5600,46.9400,44.5600,46.8600,2712342
2017-11-02,43.8800,44.5200,43.8400,44.4600,2240333
2017-11-01,43.4300,44.1500,43.1400,43.9400,2107107
2017-10-31,43.1400,43.5400,42.9114,43.0900,1426787
2017-10-30,42.6400,43.0400,42.5000,42.9900,1339676
2017-10-27,42.5000,42.8800,42.4900,42.7400,836844
2017-10-26,42.6500,42.9900,42.5500,42.6900,715373
2017-10-25,42.6700,42.7350,42.4400,42.5000,1273691
2017-10-24,42.5900,42.7392,42.5300,42.7200,1200301
2017-10-23,43.2400,43.2400,42.4950,42.5800,1898718
2017-10-20,43.2900,43.4500,43.0300,43.1900,1142002
2017-10-19,42.4100,43.0600,42.2700,43.0600,1499142
2017-10-18,42.5100,42.7100,42.4500,42.5500,965626
2017-10-17,42.6700,42.8000,42.4150,42.5400,1340111
2017-10-16,42.8000,42.9400,42.5500,42.5700,1102857
2017-10-13,42.9400,42.9900,42.5700,42.6100,736051
2017-10-12,42.4900,42.6300,42.4000,42.6100,750687
2017-10-11,42.4700,42.6550,42.3000,42.6100,2304367
2017-10-10,42.8400,42.9194,42.4800,42.5500,886768
2017-10-09,43.1000,43.1000,42.4600,42.5900,1311436
2017-10-06,42.7900,43.1000,42.5300,42.9200,1471011
2017-10-05,42.9300,43.2500,42.8082,43.1000,1318591
2017-10-04,42.8200,43.4500,42.6700,42.9500,2501209
2017-10-03,42.9700,43.0600,42.4500,42.8100,1515829
2017-10-02,42.0100,43.1200,42.0000,43.0600,1669124
2017-09-29,42.0600,42.2430,41.9650,42.1000,1637095
2017-09-28,42.1000,42.2500,41.7100,42.1400,1450793
2017-09-27,41.9000,42.2600,41.7800,42.1000,1298626
2017-09-26,41.6000,42.0600,41.4700,41.8400,1174577
2017-09-25,40.7400,41.6200,40.7016,41.6100,1194306
2017-09-22,41.0800,41.1300,40.7200,40.9300,1930818
2017-09-21,40.9300,41.2300,40.8100,41.1000,1879149
2017-09-20,40.6500,41.2200,40.4700,40.9800,1147522
2017-09-19,40.2600,40.6100,40.1300,40.4900,936422
2017-09-18,40.5100,40.8700,40.1100,40.2000,1323342
2017-09-15,40.4500,40.7199,40.0000,40.4300,1466768
2017-09-14,40.1400,40.4450,39.9300,40.4000,1089771
2017-09-13,39.9300,40.2600,39.7620,40.1400,828285
2017-09-12,39.4800,40.3500,39.4800,40.0000,1159471
2017-09-11,39.2800,39.6200,39.1200,39.3400,796601
2017-09-08,38.8700,39.3100,38.5500,39.1000,1107984
2017-09-07,38.6700,39.1000,38.2794,38.9600,1931147
2017-09-06,38.3900,38.6800,38.1500,38.6200,1092109
2017-09-05,38.6000,38.7400,38.0400,38.3500,1147840
2017-09-01,38.7000,39.1300,38.5100,38.6100,1640238
2017-08-31,38.7300,38.9600,38.1100,38.5700,2465039
2017-08-30,38.1200,39.5900,37.6100,38.6300,2182442
2017-08-29,37.4200,38.3200,37.3850,38.2500,1606570
2017-08-28,38.0600,38.2000,37.5350,37.7000,1994698
2017-08-25,37.6600,38.0200,37.5100,37.7700,1071158
2017-08-24,37.5900,37.7000,37.3700,37.4400,1482011
2017-08-23,37.4500,37.8100,37.2500,37.5800,900943
2017-08-22,37.4000,37.7800,37.2100,37.6200,1993979
2017-08-21,37.6900,37.8200,37.0351,37.2300,2313926
2017-08-18,37.6600,38.0500,37.4000,37.6700,1655478
2017-08-17,38.3200,38.6200,37.7400,37.7700,1520509
2017-08-16,38.9700,39.1300,38.4000,38.4400,1509447
2017-08-15,39.2600,39.4900,38.5500,38.6500,2241989
2017-08-14,39.3200,39.6100,39.1500,39.2800,1632061
2017-08-11,38.6400,39.3700,38.5900,39.0700,1639042
2017-08-10,38.7700,39.2290,38.4200,38.8100,2575175
2017-08-09,39.1700,39.5100,38.6300,39.1500,2746949
2017-08-08,39.1300,39.8600,39.0700,39.1900,2720951
2017-08-07,39.9100,40.1500,39.1700,39.1800,3145593
2017-08-04,40.6700,41.1600,38.7800,40.0600,8168000
2017-08-03,43.6100,44.1600,43.1701,43.8600,1821169
2017-08-02,43.7900,44.1400,43.5900,43.8400,1468351
2017-08-01,43.6200,44.0500,42.9500,43.8900,1663164
2017-07-31,44.6300,44.7400,41.7800,43.4300,4406223
2017-07-28,45.3600,45.4500,44.3000,44.5800,1393781
2017-07-27,45.3800,45.6600,45.1800,45.5200,997786
2017-07-26,45.7100,45.7300,45.1200,45.3600,864489
2017-07-25,45.2800,46.1800,45.0300,45.6800,1511373
2017-07-24,45.0400,45.0400,44.4200,44.7200,916287
2017-07-21,45.0300,45.3000,44.4800,45.0100,1566732
2017-07-20,45.5000,45.7550,44.9200,45.1600,872439
2017-07-19,44.9200,45.7800,44.8500,45.4700,2648530
2017-07-18,45.3900,45.3900,44.2800,44.8000,1148165
2017-07-17,45.0300,45.8500,44.9200,45.4200,1310269
2017-07-14,45.3500,45.7500,45.1400,45.1600,864215
2017-07-13,45.3400,45.5000,44.6500,45.2200,1674573
2017-07-12,45.6700,45.9800,45.1100,45.4800,1019880
2017-07-11,45.3700,45.3800,44.7800,45.2700,1107831
2017-07-10,45.1400,45.9150,44.9600,45.3700,919333
2017-07-07,45.2100,45.4800,44.6200,45.3400,1238248
2017-07-06,46.1000,46.5300,45.1100,45.2100,1223412
2017-07-05,46.5200,46.7000,46.0200,46.2500,2728872
2017-07-03,46.1100,46.7800,45.9900,46.5500,691838
2017-06-30,45.3400,46.1800,45.1100,45.7800,1047236
2017-06-29,45.5800,45.7300,44.5750,45.0700,827033
2017-06-28,45.4000,45.9297,45.2400,45.3700,1064331
2017-06-27,44.6000,45.4300,44.5000,44.9900,904623
2017-06-26,44.1000,44.7600,43.9800,44.5400,761116
2017-06-23,44.0200,44.1700,43.7100,44.0000,1760308
2017-06-22,43.7300,44.3800,43.7300,43.9900,1149734
2017-06-21,45.0000,45.0000,43.6500,43.7700,988547
2017-06-20,45.0200,45.0700,44.4900,44.7800,853734
2017-06-19,45.1100,45.4200,44.8800,45.3900,757489
2017-06-16,44.6900,45.1800,44.4800,45.0400,1601112
2017-06-15,45.5000,46.1300,44.2700,44.6900,1845371
2017-06-14,46.8500,46.9900,45.8100,46.1600,1251935
2017-06-13,46.8100,47.3800,46.4700,46.8100,1093562
2017-06-12,46.6600,47.4600,46.3100,46.8000,1672637
2017-06-09,45.2900,46.4300,45.2400,46.3500,1602598
2017-06-08,44.4300,45.5200,44.3800,45.2200,862856
2017-06-07,45.0600,45.2500,44.1800,44.4100,1418220
2017-06-06,44.7900,45.3000,44.3500,45.0900,942531
2017-06-05,45.5000,45.5600,44.7967,44.9400,1167393
2017-06-02,46.1600,46.1700,45.3900,45.5600,991791
2017-06-01,45.2600,46.1900,44.8000,46.1900,1816099
2017-05-31,44.7900,44.9200,44.0200,44.8600,1419300
2017-05-30,44.8100,45.3100,44.6855,45.0300,790182
2017-05-26,45.2500,45.2500,44.9400,44.9800,1267182
2017-05-25,46.0900,46.1800,45.1200,45.3100,1063511
2017-05-24,45.9600,46.3800,45.8530,45.9700,1211518
2017-05-23,45.9800,46.1900,45.5400,46.0800,668775
2017-05-22,46.1500,46.2600,45.7600,45.8500,1023785
2017-05-19,45.7900,46.3130,45.5800,45.8500,1343613
2017-05-18,45.5000,45.6600,44.9415,45.4700,1773997
2017-05-17,45.8500,46.6800,45.5700,45.7300,1908914
2017-05-16,46.8000,46.8000,46.2000,46.6200,1064846
2017-05-15,46.9900,47.4100,46.5300,46.6700,994813
2017-05-12,47.4400,47.4400,46.5300,46.6100,1184060
2017-05-11,48.0900,48.2062,47.1500,47.7300,1018339
2017-05-10,48.3600,48.4704,47.9000,48.2000,1365753
2017-05-09,47.9400,48.5600,47.4200,48.3900,1995106
2017-05-08,48.5000,48.6600,47.6900,47.8200,2669702
2017-05-05,48.5000,48.5400,46.5300,48.1800,6581411
2017-05-04,51.4700,51.6800,50.4800,50.6000,1964896
2017-05-03,51.3600,51.6400,51.2200,51.5300,1146829
2017-05-02,51.2900,51.8300,51.2101,51.7900,873018
2017-05-01,51.5200,51.5200,50.6300,51.2000,1071523
2017-04-28,52.3700,52.4300,51.1900,51.3200,1491205
2017-04-27,52.2900,52.6200,51.7601,52.3300,1139712
2017-04-26,52.0000,52.6600,51.8000,52.3300,912654
2017-04-25,51.8500,52.3100,51.5100,52.1100,784112
2017-04-24,51.5800,51.7150,51.1000,51.5000,985468
2017-04-21,50.4400,50.7000,49.9700,50.5800,1113020
2017-04-20,51.0600,51.2400,50.4200,50.4900,1662072
2017-04-19,51.0800,51.5400,50.5100,50.6600,841798
2017-04-18,50.3300,51.0500,50.2000,50.7700,765083
2017-04-17,50.3400,50.7900,49.9300,50.7700,1043664
2017-04-13,50.9600,51.4000,50.0999,50.1800,2046716
2017-04-12,52.5700,52.5700,50.9700,51.1300,1303929
2017-04-11,52.6700,52.8800,52.1600,52.7400,799568
2017-04-10,52.1900,52.9700,51.9500,52.7300,1026846
2017-04-07,52.3200,52.6700,51.8800,51.9000,1014496
2017-04-06,51.8900,52.7300,51.8200,52.3200,703289
2017-04-05,52.4300,53.0300,51.6500,51.8000,1467415
2017-04-04,51.7000,52.1600,51.6600,51.9700,816262
2017-04-03,52.7300,52.9300,51.4550,51.8200,1300578
2017-03-31,52.3600,53.2000,52.2600,52.6200,1432745
2017-03-30,52.4700,53.3200,52.2500,52.7000,830738
2017-03-29,51.8500,52.9000,51.6600,52.3700,1355545
2017-03-28,51.3800,52.4300,51.3600,51.9200,1041332
2017-03-27,50.4200,51.5350,49.8500,51.3900,1858981
2017-03-24,52.7500,53.0800,51.2800,51.4400,1701873
2017-03-23,52.6800,53.0800,52.4800,52.7700,1271904
2017-03-22,52.4900,52.9950,52.1800,52.5700,1017564
2017-03-21,53.6900,53.6900,52.1000,52.5400,1561845
2017-03-20,53.5600,53.7050,53.0200,53.2700,793463
2017-03-17,54.1600,54.1600,53.4800,53.6100,1257150
2017-03-16,54.8500,54.9500,53.9300,54.0200,918832
2017-03-15,54.2300,54.7800,53.6800,54.5300,1763320
2017-03-14,54.0600,54.4700,53.2200,54.0900,889112
2017-03-13,54.6600,55.4200,54.5000,54.7000,1036634
2017-03-10,54.0700,54.7600,54.0400,54.7000,1108668
2017-03-09,54.3600,54.5200,52.9100,53.5200,2035490
2017-03-08,55.1700,55.5900,54.6200,54.6300,999420
2017-03-07,55.1400,55.7800,54.9950,55.0800,1179925
2017-03-06,55.2300,55.4300,54.8000,55.0400,867054
2017-03-03,55.6400,56.0200,55.2700,55.5500,804075
2017-03-02,56.6200,56.8000,55.5800,55.6500,1367583
2017-03-01,56.2100,57.2500,56.2100,56.6300,1504726
2017-02-28,55.9800,56.0700,54.9800,55.3900,1132098
2017-02-27,55.0300,56.4500,54.3700,56.1600,1500383
2017-02-24,54.7300,55.3300,54.5500,55.0900,1271149
2017-02-23,56.9400,57.1200,54.9600,55.3500,1643843
2017-02-22,57.2300,57.3500,56.3600,56.6000,1227946
2017-02-21,57.0000,58.0500,56.8200,57.6500,1474472
2017-02-17,58.0000,58.1400,55.8300,56.4300,2191415
2017-02-16,58.1600,58.1600,57.0700,57.4500,1841004
2017-02-15,57.3700,58.3700,57.1800,58.1700,1220402
2017-02-14,56.7900,57.3850,56.4400,57.3500,1196382
2017-02-13,56.2800,57.2000,56.2600,56.9300,1166001
2017-02-10,55.8800,56.0700,55.0600,56.0400,1081427
2017-02-09,54.7400,55.7850,54.6900,55.3700,941790
2017-02-08,55.3100,55.4350,54.1900,54.6200,1088823
2017-02-07,55.5500,55.9200,54.8100,55.3300,859440
2017-02-06,55.5200,55.7900,55.0200,55.3400,731451
2017-02-03,55.3100,56.0257,55.1300,55.6600,950831
2017-02-02,55.4200,55.5200,54.7000,55.0200,728123
2017-02-01,55.8300,56.1900,54.9600,55.6200,818296
2017-01-31,55.9300,56.1700,54.8300,55.5000,970372
2017-01-30,56.4200,56.4200,55.0700,56.1600,1063545
2017-01-27,56.8400,56.8750,56.0500,56.6300,1022478
2017-01-26,56.6500,57.2700,56.0000,56.7400,1333434
2017-01-25,55.9400,56.9999,55.6300,56.8400,2763035
2017-01-24,52.7300,55.0700,52.6300,54.7700,2150813
2017-01-23,52.7100,53.1000,52.0200,52.5700,778412
2017-01-20,53.1800,53.2000,52.5700,52.7900,880600
2017-01-19,53.0600,53.4300,52.6650,52.7800,923273
2017-01-18,52.7500,53.0300,52.3500,52.9800,837862
2017-01-17,54.1500,54.1500,52.3700,52.5500,1447974
2017-01-13,53.5300,54.3500,53.3700,54.2200,1326768
2017-01-12,53.6000,53.6100,52.9400,53.5600,1430495
2017-01-11,53.0000,53.3400,52.6100,53.1200,747447
2017-01-10,52.6100,53.3000,52.6100,53.0800,721884
2017-01-09,53.1500,53.1800,52.3000,52.4200,1346376
2017-01-06,53.7900,53.7900,53.1500,53.2200,823928
2017-01-05,53.8800,54.0900,53.1300,53.6800,955252
2017-01-04,53.5700,53.9700,53.4500,53.8300,974028
2017-01-03,53.0900,53.7400,52.6600,53.0300,1219314
2016-12-30,52.6400,53.0200,52.3500,52.5200,684775
2016-12-29,53.0700,53.3800,52.4000,52.4700,626677
2016-12-28,54.0400,54.1700,52.9200,53.0100,509271
2016-12-27,53.5700,53.8750,53.5100,53.8100,649738
2016-12-23,53.5100,53.7500,53.3600,53.5100,405565
2016-12-22,54.1600,54.1600,53.3500,53.6200,942501
2016-12-21,54.3900,54.7150,53.9000,54.1600,1109953
2016-12-20,54.4200,54.6400,53.4893,53.8600,3061741
2016-12-19,54.9200,55.6700,53.7250,54.1700,1676747
2016-12-16,55.0800,55.4768,54.8900,54.9700,2589689
2016-12-15,55.6000,55.8300,54.9500,55.0100,1840149
2016-12-14,56.5300,56.8000,55.7000,55.7700,1345755
2016-12-13,57.2600,57.2650,56.5350,56.6700,1249438
2016-12-12,57.6100,57.7750,56.5400,56.9600,1750142
2016-12-09,57.5000,57.6000,56.5200,57.1400,1985693
2016-12-08,54.8800,56.6400,54.8800,56.0000,2982478
2016-12-07,53.9900,54.7400,53.9100,54.6700,1364566
2016-12-06,53.5000,54.1100,53.1800,53.8900,1269000
2016-12-05,53.9900,54.1600,53.3300,53.5800,1289046
2016-12-02,53.4000,53.6900,52.7200,53.4400,1340828
2016-12-01,54.1700,54.6100,53.3300,53.3900,2039325
2016-11-30,53.6700,54.4500,53.3700,53.5100,2010072
2016-11-29,53.8300,54.3400,52.7600,52.7700,1616867
2016-11-28,54.6800,54.8600,53.6500,54.0600,1968834
2016-11-25,54.5000,54.9000,54.1200,54.8200,1148022
2016-11-23,52.4700,54.9200,52.1900,54.2200,2543176
2016-11-22,52.5300,52.9800,52.1900,52.8000,1534661
2016-11-21,51.5900,52.5500,51.4700,52.2500,1368585
2016-11-18,51.4000,51.5100,51.1200,51.3400,933296
2016-11-17,51.1100,51.4950,50.7200,51.2800,1354008
2016-11-16,51.4800,51.6727,50.5500,50.8000,2593368
2016-11-15,51.5200,51.9300,50.8300,51.9200,2407500
2016-11-14,49.4000,51.5500,49.2100,51.5100,3605378
2016-11-11,50.3000,50.7700,49.0200,49.1300,3580158
2016-11-10,49.5000,50.7900,49.5000,50.4000,2830097
2016-11-09,48.5000,49.4800,47.2900,49.1100,1105803
2016-11-08,44.3500,44.8200,44.1700,44.5800,2448558
2016-11-07,45.3500,45.5000,44.5500,44.8600,2812105
2016-11-04,44.1800,45.8000,44.0500,44.8000,11166551
2016-11-03,51.6000,52.1000,50.8300,51.7900,1987717
2016-11-02,51.5800,52.4200,51.1200,51.4900,1794089
2016-11-01,52.2100,52.5595,51.2500,51.8900,1759760
2016-10-31,52.2100,52.3900,51.4700,51.9900,1165035
2016-10-28,50.8500,52.6300,50.8500,52.1100,1880879
2016-10-27,50.8200,50.8500,50.3200,50.6700,1058098
2016-10-26,49.3500,50.7500,48.9500,50.6500,978995
2016-10-25,49.7000,49.8900,49.4600,49.7700,1146822
2016-10-24,49.9200,50.0800,49.5300,49.8600,610457
2016-10-21,48.8000,49.5900,48.5700,49.5200,814870
2016-10-20,49.7700,49.8400,49.3247,49.3500,856848
2016-10-19,50.7500,50.7800,50.0100,50.0700,1078009
2016-10-18,50.4100,52.0000,49.8300,50.5300,1206876
2016-10-17,49.3500,50.0500,49.2600,49.7600,1342213
2016-10-14,50.0500,50.5100,49.4000,49.4000,1841606
2016-10-13,49.8600,50.5500,49.3800,50.3200,1275743
2016-10-12,49.9200,50.5700,49.5900,50.5200,1723559
2016-10-11,50.7200,50.9900,49.6100,50.0000,1407607
2016-10-10,51.3500,51.5100,50.7150,51.1700,836034
2016-10-07,51.2300,51.4100,50.5600,50.6700,1517848
2016-10-06,51.2200,51.5400,51.0100,51.3500,886452
2016-10-05,50.8500,51.4150,50.6700,51.3300,1033727
2016-10-04,51.5400,51.5400,50.2200,50.3500,1204265
2016-10-03,51.1500,51.1500,50.2800,50.4800,796078
2016-09-30,51.0000,51.5600,50.7500,51.3200,920453
2016-09-29,50.7900,51.4900,50.5400,50.6900,856032
2016-09-28,49.2700,50.5900,49.0700,50.5500,926643
2016-09-27,49.0400,49.2600,48.8600,49.2500,604109
2016-09-26,49.0100,49.5300,48.8800,49.1400,503920
2016-09-23,50.1100,50.2829,49.0900,49.1800,629985
2016-09-22,49.8300,50.2500,49.6600,50.2000,993078
2016-09-21,48.9200,49.4200,48.4950,49.3600,1117924
2016-09-20,49.7100,49.8000,48.5250,48.5400,1370983
2016-09-19,49.0200,49.5600,48.9100,49.4700,1005137
2016-09-16,48.8400,49.0100,48.4900,48.6200,1270406
2016-09-15,49.0500,49.5900,48.9000,49.3300,811285
2016-09-14,49.6100,49.8200,48.7600,49.0000,1081836
2016-09-13,49.5200,50.0800,49.3000,49.5800,1123806
2016-09-12,49.0200,50.5800,48.9700,50.2500,1252370
2016-09-09,50.6900,50.6900,49.3200,49.4000,1545096
2016-09-08,51.5900,51.9300,51.0600,51.0800,1408654
2016-09-07,51.1700,51.8338,51.0850,51.5800,791462
2016-09-06,52.1200,52.2700,51.0400,51.2300,1283410
2016-09-02,52.0500,52.1890,51.7800,52.1400,616211
2016-09-01,51.9000,52.4300,50.9850,51.5300,899308
2016-08-31,52.1500,52.3500,51.3800,51.9000,1002334
2016-08-30,53.0100,53.2600,52.4800,52.6000,650568
2016-08-29,52.8500,53.3700,52.7750,53.0800,671142
2016-08-26,52.9900,53.7100,52.6700,52.9400,775287
2016-08-25,52.8000,53.0450,52.6800,52.8800,793234
2016-08-24,53.1700,53.4750,52.8600,52.9800,697427
2016-08-23,52.8000,53.5200,52.7000,53.3000,953489
2016-08-22,52.3400,52.4500,51.9600,52.3700,662790
2016-08-19,52.1800,52.8650,51.9850,52.5500,1142374
2016-08-18,51.9800,52.7400,51.8000,52.5600,941750
2016-08-17,51.6600,51.9600,51.2400,51.8900,1440755
2016-08-16,51.9900,52.0200,51.2500,51.6600,1269049
2016-08-15,51.5800,52.4300,51.4300,52.0200,662796
2016-08-12,52.0100,52.1100,51.1100,51.4100,765600
2016-08-11,51.9500,52.3800,51.8250,52.0200,993724
2016-08-10,52.1800,52.5000,51.7600,51.8600,1271777
2016-08-09,51.6900,52.3600,51.4200,51.9900,1105058
2016-08-08,51.9700,52.7099,51.4400,51.5400,1329968
2016-08-05,50.4900,52.0350,50.0890,51.9400,2665561
2016-08-04,52.7200,53.4400,52.4400,52.9400,1025504
2016-08-03,52.7500,52.9850,52.3500,52.8900,777902
2016-08-02,52.8900,52.9100,52.1700,52.8400,1128595
2016-08-01,53.5200,53.7500,52.7100,53.0400,1466568
2016-07-29,53.5500,53.6600,52.6300,53.5200,1136987
2016-07-28,53.7200,53.9900,53.3200,53.7000,910425
2016-07-27,53.6500,54.4500,53.5850,53.9700,1296627
2016-07-26,52.8100,53.5600,52.8100,53.5300,606148
2016-07-25,52.2700,52.8000,52.0400,52.7300,819602
2016-07-22,53.0300,53.1751,52.1800,52.5400,955153
2016-07-21,53.3800,54.2050,53.1200,53.2500,744856
2016-07-20,52.8400,53.5600,52.4001,53.4400,672225
2016-07-19,52.9100,53.0500,52.7000,52.9000,788118
2016-07-18,52.8500,53.1000,52.5900,52.9900,918298
2016-07-15,53.4000,53.4000,52.9370,53.0400,806600
2016-07-14,53.5800,53.8260,53.1800,53.2000,684854
2016-07-13,53.5000,53.5800,52.4300,52.8800,744305
2016-07-12,52.6200,53.2500,52.4500,53.1900,1191767
2016-07-11,51.9700,52.5700,51.9700,52.0400,685973
2016-07-08,50.7800,51.6979,50.7800,51.5700,824499
2016-07-07,49.7600,50.5200,49.6400,50.0500,1090897
2016-07-06,48.3300,49.6400,48.2700,49.5000,1291966
2016-07-05,48.7700,48.9500,47.9100,48.7700,1589147
2016-07-01,49.3300,50.2900,48.8800,49.2400,1196209
2016-06-30,48.7400,49.3000,48.1600,49.2800,1468477
2016-06-29,47.7000,48.9200,47.1050,48.5500,3125551
2016-06-28,46.8700,47.3100,46.4400,46.9300,2149750
2016-06-27,47.9000,48.1000,45.8000,46.1400,2619655
2016-06-24,50.5500,51.5300,48.7100,48.7800,1886544
2016-06-23,52.3600,52.9800,52.3100,52.9800,756786
2016-06-22,51.5400,51.9400,51.4100,51.5000,605016
2016-06-21,51.5800,51.6800,50.9600,51.3300,805118
2016-06-20,51.6900,51.8700,51.5100,51.5700,801752
2016-06-17,50.9500,51.3700,50.7400,50.9000,931075
2016-06-16,50.2200,50.8800,49.7000,50.7700,740046
2016-06-15,50.7700,51.3400,50.3800,50.6600,1120411
2016-06-14,50.6200,51.1200,50.0000,50.5200,1352336
2016-06-13,51.8000,52.1100,50.8550,50.9100,1189674
2016-06-10,52.6800,52.8600,51.9900,52.1100,754871
2016-06-09,53.5300,53.5300,52.9800,53.3600,792974
2016-06-08,53.7400,54.1100,53.6050,54.0400,992934
2016-06-07,53.1500,53.5500,53.1000,53.4300,707401
2016-06-06,52.7800,53.1500,52.4600,53.1000,738205
2016-06-03,52.3800,52.6700,51.5200,52.4100,1066942
2016-06-02,51.9300,52.5300,51.9300,52.5200,902338
2016-06-01,49.1600,52.3100,49.1600,52.1800,1751999
2016-05-31,52.5100,53.2500,52.3500,52.7800,1512911
2016-05-27,52.3200,52.7400,52.2900,52.7200,1115699
2016-05-26,52.8500,53.1350,52.2100,52.6000,1229133
2016-05-25,51.3200,52.9300,51.2550,52.7800,1872882
2016-05-24,50.4200,51.2800,50.0570,51.0300,1598587
2016-05-23,49.9300,50.2600,49.4800,50.1700,1234548
2016-05-20,49.7500,50.3100,49.6500,49.9700,796561
2016-05-19,49.2800,49.7500,48.9600,49.3800,1206228
2016-05-18,50.3200,50.9100,49.6900,50.0100,1162989
2016-05-17,51.1300,51.5200,50.4500,50.6000,1098831
2016-05-16,50.4000,51.4700,50.1300,51.1500,1439727
2016-05-13,51.2200,51.7600,50.0100,50.0400,1312499
2016-05-12,51.9100,52.1700,51.2100,51.3300,1265622
2016-05-11,51.8100,52.2600,51.4800,51.5900,1063160
2016-05-10,51.6400,52.0700,51.2200,51.8000,1844195
2016-05-09,51.5000,51.8600,51.1300,51.1800,1771008
2016-05-06,51.0000,52.8100,50.3600,51.7900,4370718
2016-05-05,54.6200,55.2900,54.1101,54.6800,1643503
2016-05-04,54.8200,55.0900,54.0100,54.2200,1149801
2016-05-03,54.3600,55.1300,53.7987,54.9900,1876605
2016-05-02,54.6800,55.0200,53.9700,54.9800,923702
2016-04-29,54.3200,55.1700,54.1000,54.6600,994455
2016-04-28,55.1000,55.4800,54.1900,54.2800,1116199
2016-04-27,54.6800,55.6900,54.5100,55.5200,920087
2016-04-26,53.4600,54.6200,53.4600,54.4900,949298
2016-04-25,54.0000,54.1900,53.1900,53.3900,847080
2016-04-22,53.9400,54.6000,53.8400,54.2800,1787227
2016-04-21,53.2800,53.9100,53.1300,53.7200,1335588
2016-04-20,53.5100,53.6000,52.8500,53.1400,1327184
2016-04-19,53.1100,53.7400,52.8700,53.6000,1385533
2016-04-18,52.0200,52.9100,51.4400,52.7100,1455485
2016-04-15,52.8100,53.2350,52.5100,52.6100,2024951
2016-04-14,53.2700,53.6200,52.8050,52.8800,1309044
2016-04-13,53.0000,53.3100,52.5500,53.1600,1554489
2016-04-12,51.6200,53.0000,51.5570,52.7700,1436175
2016-04-11,51.5800,52.1450,51.3800,51.3900,705933
2016-04-08,51.3600,52.2500,51.1100,51.2700,883744
2016-04-07,51.5600,51.6800,50.7900,51.0400,1876417
2016-04-06,52.1200,52.3000,51.2000,51.8100,1328699
2016-04-05,52.1200,52.6500,51.8900,52.0500,1241389
2016-04-04,53.5100,53.9300,52.4500,52.5900,1335665
2016-04-01,53.0000,53.5900,52.1800,53.5100,1381579
2016-03-31,54.1200,54.1700,53.0400,53.7000,2179647
2016-03-30,54.4800,54.7700,53.7700,54.3600,1315703
2016-03-29,53.4300,54.0600,53.1200,53.9900,1413112
2016-03-28,54.4300,54.5850,53.6099,53.8800,890720
2016-03-24,53.7300,54.1500,53.3500,54.1200,1111547
2016-03-23,54.8300,55.1000,54.0600,54.1600,1416558
2016-03-22,54.5000,55.4400,54.5000,55.2500,1349564
2016-03-21,55.0000,55.3600,54.5250,54.9100,880933
2016-03-18,54.9400,55.4800,54.6600,55.2100,2884447
2016-03-17,52.7900,55.0000,52.7900,54.7900,2467755
2016-03-16,51.0000,52.7700,50.8100,52.6000,1567187
2016-03-15,51.1000,51.2400,50.5200,51.1500,790670
2016-03-14,51.0700,52.0000,50.7100,51.7000,1375531
2016-03-11,50.5500,51.8100,50.2000,51.4200,1954726
2016-03-10,50.2600,50.4400,48.9300,49.8400,1536912
2016-03-09,51.2300,51.2300,50.0900,50.2100,2143745
2016-03-08,51.3000,51.6850,50.3650,51.0100,3201069
2016-03-07,49.0000,51.7800,48.6900,51.7600,2917855
2016-03-04,48.9800,49.5200,48.4500,49.1700,1381156
2016-03-03,48.8100,49.2880,48.3400,48.8900,1536081
2016-03-02,47.7400,48.6800,47.4000,48.6400,1335240
2016-03-01,46.5600,48.1900,46.3200,47.7600,1088060
2016-02-29,46.7400,46.8100,46.0400,46.0400,1699650
2016-02-26,46.5600,47.4600,46.4000,46.8100,1487897
2016-02-25,45.8800,46.2600,45.1600,46.0100,956238
2016-02-24,45.1200,46.1700,44.8200,46.1400,1252002
2016-02-23,46.5600,47.0500,46.0200,46.0700,1338467
2016-02-22,46.1000,47.6000,46.0000,47.0000,2013286
2016-02-19,42.6400,45.6100,42.4100,45.3800,4264746
2016-02-18,46.7600,47.1500,46.0300,46.4600,2174894
2016-02-17,45.7300,46.8798,45.5700,46.4300,1688370
2016-02-16,44.2800,45.1700,43.7865,44.9900,1813816
2016-02-12,41.8950,43.8800,41.8950,43.6400,1419241
2016-02-11,41.5100,42.3150,41.0600,41.7400,1996711
2016-02-10,43.1700,43.6900,42.7000,42.7100,1101567
2016-02-09,42.3900,43.5900,42.2800,43.1600,1394967
2016-02-08,44.1900,44.3400,42.2001,42.7800,2080863
2016-02-05,44.5100,45.3300,44.3800,44.8400,1259165
2016-02-04,43.5700,45.2700,43.3100,44.9400,1720187
2016-02-03,44.7400,46.3300,42.5200,43.4600,2599206
2016-02-02,43.6400,44.5800,43.6400,43.8800,1613934
2016-02-01,44.5200,44.9300,43.6000,44.6100,1916186
2016-01-29,43.6200,44.9600,43.4800,44.8900,2217156
2016-01-28,43.6000,44.1300,43.2900,43.5500,1420761
2016-01-27,43.5200,43.9400,42.6700,42.9200,1576999
2016-01-26,42.9400,44.0100,42.4300,43.9900,1508252
2016-01-25,42.5500,42.9400,42.0200,42.3500,1785268
2016-01-22,42.4400,43.5200,42.1200,42.8900,2823181
2016-01-21,41.1800,41.9300,40.7300,41.3200,2355533
2016-01-20,40.4900,41.6300,39.4800,41.1100,1587206
2016-01-19,42.3400,42.6800,40.7362,41.1700,1878499
2016-01-15,40.6900,42.0900,40.6900,41.9500,2143229
2016-01-14,42.0700,42.6400,41.0800,42.0800,2694738
2016-01-13,43.1100,43.2400,41.4300,41.6700,2238466
2016-01-12,42.4300,42.6700,41.6800,42.4000,2145936
2016-01-11,43.5100,43.6300,41.5200,41.8300,3113257
2016-01-08,44.6700,45.1400,43.2000,43.3300,2054105
2016-01-07,44.7300,45.2300,44.3400,44.4800,2169055
2016-01-06,45.8000,46.1500,45.0700,45.5000,1806916
2016-01-05,47.6000,48.1100,46.6700,46.7800,1308062
2016-01-04,46.5300,47.7600,46.2600,47.7100,1645312
2015-12-31,47.4800,47.9800,47.2200,47.2200,842741
2015-12-30,47.9100,48.5400,47.6100,47.7700,1431608
2015-12-29,48.3600,48.7000,47.9400,48.3400,974368
2015-12-28,48.3200,48.4500,47.8400,48.1100,927898
2015-12-24,48.5500,49.1200,48.5400,48.7100,781775
2015-12-23,47.5000,48.7600,47.5000,48.6500,1503815
2015-12-22,46.3800,47.3000,46.2400,47.1300,1584364
2015-12-21,45.9200,46.3700,45.3450,46.2800,2140337
2015-12-18,45.8600,46.5900,45.6700,45.7400,2457464
2015-12-17,46.9200,46.9800,45.5600,46.1200,1927243
2015-12-16,46.4400,47.2250,46.0500,47.1100,1828409
2015-12-15,45.4800,46.6600,45.4700,46.4000,1934350
2015-12-14,44.8300,44.9800,44.0300,44.9500,2132775
2015-12-11,44.6200,45.2700,44.3200,45.0100,1854971
2015-12-10,45.2700,45.7700,45.1600,45.4900,1452498
2015-12-09,45.8200,46.6000,45.1900,45.3200,1717071
2015-12-08,46.7700,46.9689,45.4395,45.8900,2038947
2015-12-07,47.6000,47.9100,47.1200,47.3400,1788531
2015-12-04,47.9900,48.4000,47.5100,48.0900,1518354
2015-12-03,48.6500,49.1000,48.0000,48.3100,1638809
2015-12-02,48.9400,49.4100,47.9220,48.3100,1640190
2015-12-01,48.6600,48.9800,48.3500,48.9400,1340895
2015-11-30,48.2200,48.9900,47.8350,48.6000,1531065
2015-11-27,47.7500,48.6700,47.6200,48.3200,840899
2015-11-25,48.2300,48.4000,47.7200,47.8400,1355345
2015-11-24,48.1300,48.7600,47.7000,48.4000,1207460
2015-11-23,47.8800,48.4600,47.5000,48.0500,1181786
2015-11-20,49.1600,49.4000,48.1000,48.1500,1284090
2015-11-19,48.2600,48.9200,48.1701,48.8700,1302616
2015-11-18,47.5400,48.5100,47.2000,48.3900,1400921
2015-11-17,47.7600,47.8700,46.8700,47.0200,1578673
2015-11-16,46.6900,47.8500,46.5300,47.8400,1179720
2015-11-13,46.7200,47.3900,46.4700,46.7100,1316784
2015-11-12,48.4100,48.6700,46.9800,47.0000,1860587
2015-11-11,49.0000,49.2750,48.5100,49.1800,1163687
2015-11-10,48.9600,49.3000,48.1900,48.8600,2107178
2015-11-09,49.0600,49.3700,48.4800,49.1200,2262915
2015-11-06,49.9700,50.3300,48.6150,49.1400,2456663
2015-11-05,50.0000,50.9100,49.6300,50.4700,1244119
2015-11-04,50.2900,50.9100,49.9600,50.2100,1766219
2015-11-03,49.3100,50.7100,49.0301,50.1800,2080215
2015-11-02,47.6000,49.7500,47.4700,49.3100,2198816
2015-10-30,46.0000,48.4800,44.1700,47.8100,3396417
2015-10-29,46.8100,47.4300,46.1200,46.5500,1686645
2015-10-28,45.3700,47.5800,45.3700,47.2200,2543863
2015-10-27,44.9700,45.2800,43.7900,43.9800,1513611
2015-10-26,45.9500,46.2200,45.4300,45.5300,1156565
2015-10-23,45.6100,46.2600,45.4100,46.2100,1346298
2015-10-22,44.9100,46.0500,44.7000,45.3500,1103675
2015-10-21,45.5100,45.6000,44.6400,44.6900,1058914
2015-10-20,44.5400,45.6700,44.3800,45.3600,1167232
2015-10-19,44.2200,44.9800,44.2100,44.6400,1037412
2015-10-16,47.1800,47.3500,44.2300,44.6600,2653699
2015-10-15,46.7700,47.4300,46.2200,47.4300,1312868
2015-10-14,46.4300,46.9200,46.1100,46.7200,871740
2015-10-13,46.7900,47.6200,46.4700,46.5800,1231312
2015-10-12,47.4900,47.5000,46.6600,47.0900,1002360
2015-10-09,47.5600,47.9550,46.6200,47.4100,1641143
2015-10-08,46.2000,47.5500,46.1750,47.3700,1183723
2015-10-07,46.0000,47.1300,45.4200,46.2700,1773726
2015-10-06,44.4900,46.0300,44.3100,45.5500,2324527
2015-10-05,42.7500,44.5500,42.6400,44.5400,1853359
2015-10-02,41.0200,42.4400,40.6100,42.4000,1780270
2015-10-01,42.6100,42.7500,41.1500,41.4600,1778868
2015-09-30,41.7300,42.3900,41.3175,42.3500,1887361
2015-09-29,40.9700,41.6100,40.8450,41.3500,1476243
2015-09-28,41.6500,41.6600,40.7000,40.9400,2205613
2015-09-25,42.4000,42.4000,41.7800,42.1400,1349179
2015-09-24,41.3400,42.2500,40.7100,42.0900,1594053
2015-09-23,43.0200,43.1000,41.6500,41.7000,1404782
2015-09-22,42.9000,43.1500,42.4600,42.8400,1183387
2015-09-21,43.6200,43.8800,43.3300,43.6000,1457635
2015-09-18,43.9900,44.1200,43.1400,43.2900,2184751
2015-09-17,45.3800,45.5300,44.5700,44.6700,1515242
2015-09-16,44.9800,45.5999,44.9000,45.4700,1532283
2015-09-15,45.2000,45.4800,44.3500,44.9400,1945373
2015-09-14,44.9600,45.3600,44.6300,45.1200,1379468
2015-09-11,44.5200,45.3900,44.3100,45.2400,1637919
2015-09-10,44.6000,45.0200,44.0100,44.8900,1294807
2015-09-09,45.4300,45.8000,44.3850,44.4700,1226492
2015-09-08,44.3800,45.2400,44.2500,45.0800,1132304
2015-09-04,44.0000,44.3500,43.4900,43.6600,1554870
2015-09-03,44.4400,45.1500,44.1100,44.5500,1166254
2015-09-02,44.5300,44.7260,43.6200,44.3500,1294091
2015-09-01,44.5000,44.9300,43.8200,44.0700,1463884
2015-08-31,45.1300,45.9900,44.6800,45.6200,1200606
2015-08-28,44.9800,45.9900,44.8600,45.6500,1193798
2015-08-27,43.9900,45.4600,43.8400,45.1100,1945483
2015-08-26,43.5400,43.5400,42.4601,43.3200,1709928
2015-08-25,44.1800,44.7600,42.6600,42.6900,2179277
2015-08-24,42.0300,45.0000,41.8800,43.3600,2685812
2015-08-21,45.5200,45.9200,44.9101,44.9700,1864929
2015-08-20,47.0600,47.3200,45.7800,45.8500,1710570
2015-08-19,47.2100,47.8100,46.8100,47.5500,1601783
2015-08-18,47.9600,48.1950,47.3600,47.5900,1469919
2015-08-17,47.7300,48.2400,47.3300,48.2300,1197492
2015-08-14,47.6000,48.2200,47.6000,48.0300,1178508
2015-08-13,48.7400,48.8800,47.5500,47.6600,1277009
2015-08-12,47.6700,48.9450,47.4200,48.8600,2152199
2015-08-11,48.1400,48.1900,47.5700,48.0900,1218961
2015-08-10,47.8600,48.9000,47.7000,48.8400,1330080
2015-08-07,47.9100,48.2806,47.3700,47.4600,1788628
2015-08-06,47.1100,48.2700,47.0300,48.0600,1882298
2015-08-05,47.0200,47.5600,46.8150,47.2200,2984254
2015-08-04,47.1900,47.8300,46.3671,46.5500,1939395
2015-08-03,46.5100,47.5000,45.9300,47.0900,2537155
2015-07-31,46.0000,48.9600,45.8900,46.7500,1201210
2015-07-30,50.1400,51.0100,49.5300,50.9000,2392436
2015-07-29,49.1800,50.4400,48.9800,50.3900,2378558
2015-07-28,48.3000,49.1600,48.0600,49.1100,2233795
2015-07-27,47.5300,48.0500,47.0900,47.8300,1778366
2015-07-24,48.8300,48.8300,47.7900,48.0600,1877035
2015-07-23,49.7500,50.0900,48.5000,48.6800,1735864
2015-07-22,49.5600,49.8900,49.2100,49.5400,1115324
2015-07-21,49.8700,50.4100,49.6000,49.8000,1166751
2015-07-20,50.1900,50.1900,49.5200,49.8600,1224933
2015-07-17,50.6700,50.7800,49.8250,50.2700,1689360
2015-07-16,51.0800,51.4300,50.4300,50.7500,1256507
2015-07-15,51.6400,51.6400,50.4100,50.6200,1387440
2015-07-14,51.3600,52.0800,51.2700,51.9100,940936
2015-07-13,50.9200,51.6400,50.8100,51.4600,1199299
2015-07-10,51.1900,51.5000,50.4000,50.7400,1394661
2015-07-09,51.3600,51.6500,50.4900,50.5400,1290168
2015-07-08,52.0000,52.2200,50.4000,50.4200,1967970
2015-07-07,51.8200,52.5935,50.8600,52.5300,1581916
2015-07-06,52.0700,52.7500,51.7500,51.9500,1092792
2015-07-02,53.0600,53.4800,52.7700,52.9100,865209
2015-07-01,53.3600,53.4200,52.5300,52.9300,1189735
2015-06-30,53.4000,53.5000,52.7200,53.0100,1311865
2015-06-29,53.9100,54.1800,52.8900,52.9700,1280620
2015-06-26,54.6400,54.9300,54.4200,54.5600,2055146
2015-06-25,55.5400,55.7600,54.6600,54.6600,896779
2015-06-24,55.6000,56.2900,55.5000,55.5800,914225
2015-06-23,55.9300,56.2900,55.7600,56.0300,965706
2015-06-22,56.0000,56.3500,55.7800,55.9600,947375
2015-06-19,55.6300,56.2500,55.4600,55.5900,1697919
2015-06-18,55.5500,56.0800,55.1600,55.7400,794924
2015-06-17,55.3800,55.8200,54.9100,55.2100,936672
2015-06-16,54.5200,55.3850,54.3500,55.1700,952589
2015-06-15,54.6200,54.9100,54.0700,54.6600,1166347
2015-06-12,55.1400,55.4600,54.8900,55.0600,1032524
2015-06-11,55.7300,55.9400,55.3400,55.4300,880820
2015-06-10,55.6100,55.9600,55.4100,55.6800,782012
2015-06-09,55.4100,55.8400,55.0200,55.0900,855747
2015-06-08,55.5700,55.9600,55.1700,55.1900,789649
2015-06-05,55.5000,55.8900,55.1000,55.6400,1452441
2015-06-04,56.5000,56.5400,55.6900,55.7700,1737312
2015-06-03,57.1600,57.9700,56.8900,57.1400,720844
2015-06-02,56.1900,57.7600,56.1400,57.0800,1327060
2015-06-01,56.3500,56.8200,55.9300,56.5000,882587
2015-05-29,56.5100,56.7000,55.8900,56.2200,1395755
2015-05-28,56.6300,56.8899,55.9000,56.4700,1010841
2015-05-27,56.6100,57.0000,56.0000,56.9700,1074949
2015-05-26,57.5700,57.5900,56.4600,56.6300,1491355
2015-05-22,58.6100,58.9100,57.9500,57.9700,983949
2015-05-21,58.9300,59.3800,58.7700,58.8900,761517
2015-05-20,58.7300,59.0800,58.4900,58.7700,1028614
2015-05-19,58.7700,58.8900,57.9500,58.5200,1110314
2015-05-18,58.9800,59.2300,58.3200,58.9600,1393439
2015-05-15,59.7700,59.8400,58.7700,59.2300,1971737
2015-05-14,60.4500,60.6200,59.6400,59.9400,1178425
2015-05-13,59.3600,60.3350,59.2500,60.0400,1077001
2015-05-12,59.7100,59.7100,58.7900,59.2800,1137693
2015-05-11,59.6400,60.1001,59.1700,59.9200,1092223
2015-05-08,59.4100,59.9200,58.7900,59.6600,1492955
2015-05-07,58.6300,59.0000,58.2840,58.6300,1322562
2015-05-06,59.3800,59.4900,58.6200,58.9000,1066304
2015-05-05,58.8700,59.7100,58.7800,58.8600,1568520
2015-05-04,58.8600,59.4000,58.4900,58.7200,1250908
2015-05-01,58.2400,59.9100,57.9300,58.7000,2659365
2015-04-30,60.9200,61.2700,59.9600,60.1400,1660998
2015-04-29,60.3700,61.3600,60.0600,60.9700,1517856
2015-04-28,60.6200,60.8000,60.0800,60.5900,1201864
2015-04-27,60.4000,61.2100,60.3300,60.8300,1176865
2015-04-24,60.4600,60.4600,59.7200,60.1100,874398
2015-04-23,60.1800,61.0700,60.0300,60.5600,1140061
2015-04-22,59.7400,60.3200,59.1900,60.1800,1356838
2015-04-21,59.9300,60.0400,59.3700,59.7500,1102602
2015-04-20,59.7100,60.2400,59.6500,59.7600,1030835
2015-04-17,59.5500,59.9500,59.2000,59.5200,1144736
2015-04-16,61.2000,61.2480,59.9000,60.1200,1399979
2015-04-15,59.4800,62.2600,59.2500,61.2000,3044032
2015-04-14,58.4500,59.1900,58.2300,59.0200,958249
2015-04-13,58.0200,58.9300,57.9500,58.3400,1083412
2015-04-10,59.1800,59.5800,58.9500,59.1300,945774
2015-04-09,58.7700,59.5000,58.4350,59.1400,1260732
2015-04-08,59.0100,59.4400,58.3300,58.9100,1245003
2015-04-07,58.8200,59.1200,58.1300,58.9800,1466032
2015-04-06,57.4900,59.2100,57.4100,58.9000,1269755
2015-04-02,56.6700,57.9100,56.4100,57.5900,1034763
2015-04-01,56.4300,57.1200,56.2200,56.7700,1271999
2015-03-31,57.6900,57.8100,57.0300,57.1600,1436894
2015-03-30,57.1000,58.2300,56.9500,57.8900,1013609
2015-03-27,57.2500,57.2500,56.3300,56.7600,899813
2015-03-26,57.4800,58.4300,57.3500,57.4700,677604
2015-03-25,58.4700,58.4880,57.4500,57.4700,781447
2015-03-24,57.9300,58.3600,57.3500,58.2500,1125260
2015-03-23,57.2700,58.1600,57.1700,57.8800,1035926
2015-03-20,57.1700,57.5700,57.0400,57.2900,1861644
2015-03-19,57.9200,57.9200,56.4400,56.7700,1603844
2015-03-18,56.9500,58.6600,56.5600,58.2800,1713000
2015-03-17,57.1400,57.3500,56.8400,57.1600,971287
2015-03-16,56.6800,57.4400,56.3900,57.4100,946729
2015-03-13,57.5800,57.6900,56.1101,56.6900,1232955
2015-03-12,57.4100,58.0000,57.1500,57.9000,1074193
2015-03-11,56.9400,57.3500,56.6800,57.1200,1050859
2015-03-10,57.6000,57.7600,57.0000,57.0000,1250405
2015-03-09,57.3000,57.9300,57.0000,57.8700,1858465
2015-03-06,57.5800,58.3800,57.1300,57.2900,1347994
2015-03-05,57.8300,58.3700,57.4600,58.1000,1007979
2015-03-04,58.0000,58.2600,57.2000,57.8800,1382401
2015-03-03,58.3100,58.7700,58.1100,58.4000,1216732
2015-03-02,57.9600,58.6000,57.4500,58.4800,1160439
2015-02-27,58.2400,58.6000,57.5400,58.0000,2986320
2015-02-26,59.0300,59.4800,57.8600,58.1200,1809739
2015-02-25,59.4600,59.6200,58.7250,59.1800,1350599
2015-02-24,58.9600,59.9200,58.8700,59.2500,1297741
2015-02-23,58.8700,59.1300,58.3000,59.0500,2274152
2015-02-20,59.1500,59.5400,58.1400,59.3300,1801014
2015-02-19,58.2500,59.7200,58.0400,59.4400,2559936
2015-02-18,58.4500,60.1900,58.1000,59.0900,3558023
2015-02-17,57.5300,58.0500,57.2300,57.5700,2789645
2015-02-13,56.8800,58.3090,56.8800,57.7800,2153404
2015-02-12,56.0400,56.5950,55.8300,56.3600,1260601
2015-02-11,55.3000,55.8600,54.6700,55.4900,1758189
2015-02-10,56.2300,56.4900,55.2800,55.6500,1539463
2015-02-09,55.2000,56.6100,55.1900,56.0900,1889725
2015-02-06,55.9600,56.3600,55.0475,55.0800,2121279
2015-02-05,54.8200,56.0900,54.6900,55.7200,1993484
2015-02-04,55.8500,55.9500,53.8600,54.3500,2451331
2015-02-03,54.6200,57.1000,54.6200,56.7200,2405506
2015-02-02,53.9700,55.7300,53.8400,55.5900,1972986
2015-01-30,52.4100,54.1900,51.9200,53.5900,3073048
2015-01-29,52.2300,53.2000,51.8000,53.0400,2716697
2015-01-28,54.3100,54.3100,52.1850,52.2100,2530122
2015-01-27,53.5000,54.5100,53.0100,54.1600,1873672
2015-01-26,54.2900,55.2300,53.8000,55.1200,1448924
2015-01-23,54.6800,55.3000,54.2500,54.3100,2602306
2015-01-22,55.3000,55.3400,54.4400,54.9600,2904472
2015-01-21,54.4800,56.0000,54.4000,55.7600,2063474
2015-01-20,53.8900,54.5300,53.3801,54.4400,1777057
2015-01-16,52.6700,54.0800,52.4400,54.0300,1977175
2015-01-15,54.2800,54.7400,52.6900,52.7000,2240354
2015-01-14,54.8100,54.9300,52.7900,54.0100,3768696
2015-01-13,56.4400,56.7500,54.8100,55.6300,2118957
2015-01-12,57.5300,57.6900,56.0200,56.1800,2228976
2015-01-09,59.6700,60.0400,57.4800,57.7100,1905316
2015-01-08,58.4800,59.7100,58.0300,59.6600,1700581
2015-01-07,58.5000,58.8300,57.4900,57.8600,1486382
2015-01-06,58.5300,58.6000,57.1200,58.0000,2012985
2015-01-05,59.9700,59.9700,58.0770,58.5600,2530113
2015-01-02,60.7800,61.0600,59.9200,60.6900,1005487
2014-12-31,61.2700,61.4200,60.3000,60.6300,1361522
2014-12-30,61.1600,61.5600,60.8400,60.9700,1621750
2014-12-29,60.8400,62.0900,60.7200,61.5700,1777774
2014-12-26,60.6400,61.2200,60.4800,60.5300,688603
2014-12-24,60.6000,60.9000,60.0550,60.3000,785210
2014-12-23,59.9500,61.3300,59.6800,60.5600,2096739
2014-12-22,60.1100,60.2960,58.8400,59.6400,2190593
2014-12-19,59.7500,60.4300,59.4400,59.9000,5619759
2014-12-18,59.0800,59.7100,58.3400,59.5800,3220849
2014-12-17,56.0000,58.1200,55.6000,57.9500,2946873
2014-12-16,56.0700,58.1300,56.0400,56.2900,2985614
2014-12-15,57.3500,58.2200,56.6700,56.6700,2740921
2014-12-12,57.4700,58.3200,56.2200,56.8800,4168831
2014-12-11,57.5300,59.5500,57.5300,58.3500,3472337
2014-12-10,59.9300,59.9300,57.8800,57.9500,2094088
2014-12-09,59.1800,60.7000,58.6900,60.5100,2486176
2014-12-08,62.0500,62.1700,59.5850,59.8900,2706103
2014-12-05,61.9000,62.7100,61.8900,62.3900,1510687
2014-12-04,62.4600,62.6800,61.6000,62.0500,1894206
2014-12-03,62.0000,63.6900,62.0000,62.9100,2334480
2014-12-02,60.5400,62.0100,60.4290,61.5800,2647728
2014-12-01,61.1000,61.7500,58.4100,60.2500,5244754
2014-11-28,65.3300,65.3300,61.7900,61.9900,3549000
2014-11-26,68.5700,68.8000,66.4100,66.7200,2287462
2014-11-25,68.5300,68.8600,68.1200,68.6800,1970515
2014-11-24,69.5300,69.5600,67.6800,68.3300,2266243
2014-11-21,68.7800,69.6900,68.6700,69.2400,2471399
2014-11-20,65.9300,68.0900,65.9000,67.5900,1657367
2014-11-19,66.2900,66.6900,65.8700,66.3300,1883054
2014-11-18,64.1000,65.9800,64.1000,65.9400,2308801
2014-11-17,64.6300,64.7500,63.5000,63.6100,1670814
2014-11-14,65.0200,65.5400,64.3700,64.7000,2039039
2014-11-13,65.9600,66.4100,64.4100,65.0900,1478577
2014-11-12,65.6000,66.0700,65.3500,65.9500,1133123
2014-11-11,65.9000,66.0500,65.5000,65.9000,1416290
2014-11-10,66.3400,66.9500,65.7100,65.9600,1586109
2014-11-07,65.7000,66.7800,65.6860,66.2900,1986171
2014-11-06,65.3000,65.8600,64.9700,65.6700,1717596
2014-11-05,64.0900,65.7250,64.0000,65.5000,1922791
2014-11-04,65.4100,65.4800,63.6320,63.7700,1875962
2014-11-03,66.5200,66.9700,65.5700,65.7800,1673506
2014-10-31,66.2100,67.3800,64.8200,66.3400,3137280
2014-10-30,65.9600,66.4100,64.4100,65.0900,1850066
2014-10-29,66.7100,66.9200,65.0200,65.5300,1443163
2014-10-28,65.4700,66.7200,64.8900,66.6100,1455596
2014-10-27,64.9000,65.2400,64.3200,65.2000,1694202
2014-10-24,65.0800,65.0900,63.9500,64.9500,1225025
2014-10-23,62.3700,65.1200,61.9100,64.6100,2655584
2014-10-22,63.9300,64.1000,61.5100,61.6200,2483575
2014-10-21,62.8600,63.9600,62.8500,63.9300,1816757
2014-10-20,61.9700,62.5700,61.9500,62.3800,1209749
2014-10-17,62.0000,63.0800,61.7917,62.2500,1921638
2014-10-16,60.4300,61.9700,59.4000,61.1000,2690591
2014-10-15,60.5000,61.9800,59.3200,61.6500,1825802
2014-10-14,62.0900,63.1500,61.3200,61.5400,1815236
2014-10-13,63.0600,63.9000,61.7100,61.7300,1326447
2014-10-10,63.7200,64.4800,62.8700,62.8800,1695028
2014-10-09,65.1300,65.3300,63.8300,63.8600,1389003
2014-10-08,63.9300,65.3400,63.2700,65.2700,2219101
2014-10-07,65.6600,65.7200,63.8600,63.9300,2120194
2014-10-06,66.3000,66.5400,65.3700,66.0100,1023237
2014-10-03,66.1400,66.6200,65.8600,66.0000,1644507
2014-10-02,65.9400,66.3700,65.1800,65.6900,1657977
2014-10-01,67.0400,67.0500,65.8400,65.8900,2391811
2014-09-30,67.3000,67.6000,66.5200,66.7900,2106588
2014-09-29,66.8900,67.8900,66.8200,67.3700,1363849
2014-09-26,67.0000,67.8000,66.9300,67.6500,1959033
2014-09-25,67.8300,68.0500,66.7000,66.7300,1963428
2014-09-24,68.1500,68.3900,67.5600,67.9000,2867532
2014-09-23,67.8100,68.4100,67.0400,68.1700,1992412
2014-09-22,69.7900,70.0900,68.2700,68.5400,1827473
2014-09-19,70.8600,70.9400,70.1200,70.2700,1577100
2014-09-18,69.9300,70.5500,69.6600,70.5100,1732400
2014-09-17,69.9400,70.3900,69.4804,69.6500,1133800
2014-09-16,69.6500,70.0700,69.3200,69.6500,1492800
2014-09-15,69.9600,70.0200,69.2650,69.7500,919200
2014-09-12,70.7700,70.9000,69.9000,69.9900,1618900
2014-09-11,69.8800,70.8350,69.5800,70.7400,1911700
2014-09-10,71.7900,72.2300,70.0500,70.2200,2862100
2014-09-09,73.1300,73.2700,71.8800,72.0500,1045600
2014-09-08,73.5600,73.6900,72.7300,73.2400,858100
2014-09-05,72.6800,73.6600,72.2701,73.6500,964400
2014-09-04,73.3000,73.8000,72.6200,72.7800,1014100
2014-09-03,74.1800,74.1860,73.1600,73.2700,689100
2014-09-02,73.7400,74.8000,73.5900,73.8000,839800
2014-08-29,74.4300,74.5400,73.5600,73.8900,840700
2014-08-28,74.9000,75.1300,74.3650,74.4800,1400700
2014-08-27,75.3800,75.4000,74.7300,75.0400,1026600
2014-08-26,75.3100,75.5200,74.7805,75.3800,868800
2014-08-25,74.4000,75.0100,74.3500,74.9800,632000
2014-08-22,73.9900,74.2700,73.7300,73.9300,570600
2014-08-21,74.2300,74.6000,73.5900,74.1100,774000
2014-08-20,73.7300,74.4900,73.5150,74.2900,861400
2014-08-19,74.0000,74.0900,73.5400,73.6700,871800
2014-08-18,73.0300,74.0000,72.9800,73.9800,758900
2014-08-15,73.3300,73.6000,71.9500,72.2500,869500
2014-08-14,72.9100,73.2300,72.4800,73.0300,716700
2014-08-13,74.1800,74.1860,73.1600,73.2700,664900
2014-08-12,72.7700,73.4400,72.0100,72.2400,603200
2014-08-11,72.7900,73.6500,72.6500,73.0000,788700
2014-08-08,71.1700,72.2600,70.9350,72.2100,849000
2014-08-07,72.3200,72.3300,70.8197,71.1200,1205200
2014-08-06,71.6700,72.3100,71.0300,71.8500,1581600
2014-08-05,72.4800,73.2700,71.9300,72.2300,1501900
2014-08-04,73.2200,73.2500,71.8900,72.9800,1426600
2014-08-01,73.9200,75.5500,72.9900,73.2500,2257500
2014-07-31,74.5600,75.0500,72.7700,72.8700,2007200
2014-07-30,74.7200,75.3600,74.2200,75.0400,1147000
2014-07-29,75.7000,75.9601,74.5900,74.6000,1023900
2014-07-28,76.0000,76.1700,75.0100,75.7000,922300
2014-07-25,76.9400,77.0500,75.5500,76.0200,1233800
2014-07-24,77.6700,78.1400,77.2500,77.4300,1178700
2014-07-23,78.0200,78.2800,77.5300,77.7900,926900
2014-07-22,77.1000,77.8100,76.7400,77.4000,902700
2014-07-21,76.8500,77.1500,76.2400,76.8200,899800
2014-07-18,76.6700,77.0000,76.4800,76.7600,248665
2014-07-17,77.4000,77.6100,76.2800,76.3000,186916
2014-07-16,78.4500,78.4500,77.6900,77.7400,822000
2014-07-15,78.0600,78.6399,77.8100,77.9500,889400
2014-07-14,77.7100,78.0800,77.5500,77.8200,955900
2014-07-11,77.3600,78.2300,76.5600,77.0000,1428200
2014-07-10,76.6300,78.0900,76.6300,77.5800,884100
2014-07-09,77.9000,78.7500,77.5000,78.0200,801300
2014-07-08,77.7800,77.7800,77.2000,77.5300,554600
2014-07-07,78.5400,78.9900,77.4900,77.9300,1066100
2014-07-03,78.1400,79.2000,78.0400,78.9900,815100
2014-07-02,78.2300,78.4400,77.5100,77.9100,658000
2014-07-01,77.2500,78.5900,77.0000,78.2000,1044700
2014-06-30,77.0700,77.2600,76.2400,76.9000,693100
2014-06-27,76.2400,77.2300,76.2400,76.8800,950800
2014-06-26,76.5300,76.7300,75.5600,76.4200,646600
2014-06-25,76.3800,76.7800,75.8100,76.4600,793200
2014-06-24,77.6300,77.9900,76.2900,76.3800,949400
2014-06-23,78.4400,79.1200,77.5900,77.9100,658100
2014-06-20,77.6400,78.8100,77.5000,78.5200,1798700
2014-06-19,77.4000,78.2500,77.0400,77.3500,1319000
2014-06-18,77.8200,78.0000,76.1250,77.4700,1214100
2014-06-17,76.7000,78.5350,76.3900,77.8200,1233000
2014-06-16,77.2700,77.5000,76.5800,76.9800,738000
2014-06-13,77.3300,77.6600,76.8000,77.6400,855600
2014-06-12,78.2300,78.4200,76.9700,77.4700,890000
2014-06-11,78.8000,78.9500,77.8200,78.4500,917800
2014-06-10,79.1300,79.5000,78.7800,79.2100,790400
2014-06-09,79.4000,79.9300,78.8300,79.3100,1310800
2014-06-06,77.2800,79.5600,77.0000,79.4000,2332800
2014-06-05,75.1800,77.4400,75.0800,77.2600,2006500
2014-06-04,74.7000,75.5200,74.6700,75.0400,1031100
2014-06-03,75.3400,75.5900,74.5800,74.9000,770500
2014-06-02,75.0900,75.5900,74.7500,75.3700,1125000
2014-05-30,75.3100,75.3600,74.6100,75.0800,1006400
2014-05-29,75.4700,75.6800,74.8600,75.6100,919600
2014-05-28,75.5000,75.7500,74.9400,75.3400,875900
2014-05-27,74.9500,75.5000,74.5900,75.3200,1082800
2014-05-23,73.6400,74.5373,73.6400,74.1100,914900
2014-05-22,74.3500,74.5600,73.7800,73.8100,883800
2014-05-21,73.3800,74.1950,73.1950,74.1000,1015900
2014-05-20,73.4200,73.7500,72.7000,72.9800,860400
2014-05-19,72.8700,74.0100,72.7000,73.7100,925000
2014-05-16,74.3100,74.4000,72.9000,73.2200,1983900
2014-05-15,75.5100,75.9400,73.6700,74.2100,1729000
2014-05-14,76.7400,76.8100,75.7500,75.9000,1483500
2014-05-13,76.6800,77.8100,76.4800,76.7000,1315400
2014-05-12,75.4600,76.8100,75.3700,76.3800,1175400
2014-05-09,75.0700,75.3200,74.1600,75.1000,877600
2014-05-08,75.6400,76.4700,74.8100,75.2800,979500
2014-05-07,74.7400,75.5400,74.0800,75.4900,1275200
2014-05-06,74.2700,75.3900,74.1900,74.4000,1589600
2014-05-05,74.9700,75.4800,74.1300,74.2800,1375300
2014-05-02,74.9900,76.8800,74.0800,75.4500,2834900
2014-05-01,75.5700,76.4000,75.0700,75.5400,1430000
2014-04-30,74.8600,76.0000,74.2700,75.7000,1274400
2014-04-29,75.2400,75.6900,74.0400,74.8400,1509000
2014-04-28,75.7500,76.1300,74.1700,75.0800,1147400
2014-04-25,76.7000,76.7600,75.3000,75.7300,905800
2014-04-24,77.9900,78.0400,76.7200,76.9200,1134900
2014-04-23,77.9600,78.3200,77.5000,77.5800,587100
2014-04-22,77.7700,78.4900,77.2620,77.9800,680600
2014-04-21,77.7300,77.7600,77.0200,77.4900,837700
2014-04-17,77.5100,78.2900,76.9000,77.8700,1018700
2014-04-16,76.5500,77.6200,76.4800,77.3200,974000
2014-04-15,74.7000,76.0800,74.0300,75.8400,1636100
2014-04-14,75.2000,75.3700,74.2000,74.8300,776200
2014-04-11,75.2200,75.6800,74.2000,74.4700,1382100
2014-04-10,77.3400,77.5500,75.9300,75.9400,1108000
2014-04-09,76.4300,77.5000,75.7600,77.3600,912100
2014-04-08,75.8300,76.5490,75.3300,76.1000,943200
2014-04-07,77.3600,77.4900,74.6900,75.8700,1634000
2014-04-04,78.7500,79.9000,77.2900,77.6600,1265700
2014-04-03,77.7100,78.2700,77.3300,78.2100,885600
2014-04-02,77.3500,78.0700,77.2000,77.6600,1265300
2014-04-01,77.7300,78.0200,76.9500,77.5100,1323700
2014-03-31,78.0400,78.8400,77.4100,77.7300,1273300
2014-03-28,76.0300,77.1300,76.0300,76.4100,795900
2014-03-27,75.9100,76.1400,75.3600,75.7200,1178700
2014-03-26,77.7800,78.1500,76.0500,76.0600,1633900
2014-03-25,76.9800,77.7600,76.5400,77.2900,1518600
2014-03-24,76.7000,77.0000,75.5200,76.5200,1484600
2014-03-21,76.1000,77.1300,75.8400,76.6200,2353900
2014-03-20,75.2500,75.9000,74.8500,75.4500,1266200
2014-03-19,76.8600,76.8600,74.9100,75.3900,1469400
2014-03-18,73.8900,77.1800,73.8900,76.8900,1976600
2014-03-17,74.9700,75.8800,74.9400,75.0000,1262200
2014-03-14,74.7600,75.1600,74.1900,74.3300,1226900
2014-03-13,76.6600,76.7520,74.4300,74.9900,1683400
2014-03-12,76.6600,76.8850,75.8600,76.4500,1511200
2014-03-11,78.7200,79.0400,76.8900,77.2400,1226000
2014-03-10,79.2600,79.7000,77.8200,78.6600,1104300
2014-03-07,80.7700,80.7700,79.4400,79.6900,1261800
2014-03-06,78.5100,80.2600,78.4800,80.1200,1426600
2014-03-05,78.5400,78.7700,77.8900,78.1400,1034900
2014-03-04,77.7000,78.7000,77.6000,78.4000,1680500
2014-03-03,76.7000,77.3100,76.3700,76.9200,1310300
2014-02-28,78.1000,78.1000,77.2900,77.6900,1953700
2014-02-27,78.3800,78.8900,77.7800,78.1600,1411000
2014-02-26,78.1800,79.0100,77.6100,78.3300,1848600
2014-02-25,78.9600,79.3300,77.4600,77.7600,1994400
2014-02-24,79.1800,79.9900,78.6500,78.9300,1200100
2014-02-21,80.5000,80.5300,79.1100,79.1900,1414000
2014-02-20,80.4900,80.9100,79.7501,80.0100,2450200
2014-02-19,80.4500,83.1000,80.0830,80.2500,3475800
2014-02-18,80.2700,80.4200,79.0300,80.1300,1924900
2014-02-14,78.9000,79.8300,78.7790,79.6700,1632600
2014-02-13,79.0400,79.7600,78.4000,78.8700,1527300
2014-02-12,77.9900,80.4100,77.8900,79.9000,2063100
2014-02-11,77.6200,78.0500,77.3800,77.6500,1628900
2014-02-10,77.0500,77.8500,76.6800,77.4000,1328300
2014-02-07,78.0300,78.0300,76.6400,77.2100,1628900
2014-02-06,74.9400,76.5600,74.8800,76.0300,876300
2014-02-05,74.7700,75.2300,74.1100,74.8600,1160300
2014-02-04,74.2200,75.4700,73.3200,75.2100,1405500
2014-02-03,75.8700,76.2500,73.5174,73.7900,1652300
2014-01-31,75.2500,76.5600,74.9300,75.9600,1205700
2014-01-30,76.8200,77.0000,76.1100,76.3500,1431100
2014-01-29,76.5100,77.6300,75.5600,76.1200,1948700
2014-01-28,76.9500,77.7700,76.8100,77.4600,1356700
2014-01-27,77.3900,78.2100,75.5700,76.7200,1571100
2014-01-24,80.3900,80.5000,77.4800,77.4800,1905100
2014-01-23,82.8800,82.8800,80.9100,81.0900,1936300
2014-01-22,83.4400,83.9300,83.0200,83.6500,1557000
2014-01-21,82.7000,83.5500,82.0100,82.9400,1727900
2014-01-17,80.8000,82.2400,80.3500,82.0500,1581000
2014-01-16,80.3500,80.6200,79.3500,80.4400,1140800
2014-01-15,79.8400,81.3400,79.7200,80.4600,1712400
2014-01-14,79.0100,79.8100,78.3500,79.4800,1989800
2014-01-13,78.8900,79.1400,77.7400,78.0400,2072600
2014-01-10,79.3300,79.6300,78.7900,78.9000,1393900
2014-01-09,79.5100,79.9800,78.3200,78.8000,1432000
2014-01-08,79.2500,79.6600,78.9100,79.2900,970000
2014-01-07,78.8800,79.8100,78.6800,79.3800,1006900
2014-01-06,79.5500,79.8200,78.2900,78.5600,875300
2014-01-03,78.9000,79.7900,78.8000,79.1500,825200
2014-01-02,79.8200,80.2000,78.7900,78.8700,1204100
2013-12-31,79.9200,80.4500,79.6000,80.2900,929400
2013-12-30,79.9600,80.3600,79.6400,79.8800,734000
2013-12-27,80.0600,80.3400,79.5200,79.7600,854700
2013-12-26,79.5000,80.1800,79.3900,79.9800,608100
2013-12-24,79.0200,79.5499,78.9000,79.2700,401900
2013-12-23,79.6900,79.8800,78.6790,79.0200,740800
2013-12-20,79.1100,79.5200,78.7401,79.3700,1895100
2013-12-19,77.7400,79.0100,77.4300,78.8300,1628500
2013-12-18,76.0700,78.0550,75.8400,77.9400,1710000
2013-12-17,75.9600,76.5000,75.4420,75.8000,1222500
2013-12-16,75.5000,76.3100,75.4200,75.9400,1370400
2013-12-13,75.0000,75.6000,74.5900,74.7900,1286100
2013-12-12,75.6300,76.0100,74.7700,74.8400,1536900
2013-12-11,77.8800,77.9700,75.3200,75.5900,1117600
2013-12-10,76.8200,77.9900,76.8100,77.6500,1275600
2013-12-09,77.4100,77.5800,76.6753,76.8600,1131900
2013-12-06,77.0900,77.7800,76.6200,77.4100,815100
2013-12-05,76.4600,77.3850,75.9100,76.1600,1056600
2013-12-04,76.7700,78.2200,76.0200,76.8200,1008400
2013-12-03,77.3400,77.6900,76.6600,77.2600,1055000
2013-12-02,77.9000,78.5000,76.6200,77.9200,949000
2013-11-29,78.2300,78.4400,77.6000,77.8100,448100
2013-11-27,78.9300,79.2000,78.1200,78.1700,794400
2013-11-26,78.0600,79.9500,78.0500,78.8700,2065300
2013-11-25,79.0300,79.0300,77.4100,78.2900,1290400
2013-11-22,77.9800,78.6800,77.3600,78.6300,1238300
2013-11-21,76.7200,78.1800,76.7100,78.0000,1088100
2013-11-20,77.0500,77.9300,76.0100,76.2200,974500
2013-11-19,77.7500,77.7800,76.4700,77.0400,1263600
2013-11-18,79.6400,79.9500,77.8400,78.0400,1389000
2013-11-15,79.4900,79.6800,78.8200,79.3600,850200
2013-11-14,79.3700,79.4700,78.4400,79.3500,876800
2013-11-13,76.4700,79.2250,76.1900,79.0800,1869100
2013-11-12,77.6700,77.9600,77.2050,77.4800,1316000
2013-11-11,77.4400,78.1350,77.0700,77.8500,1237500
2013-11-08,75.4700,77.9600,75.3300,77.9200,1882000
2013-11-07,76.9900,77.5500,75.5500,75.6700,1782100
2013-11-06,76.3000,76.8850,75.7900,76.6600,1657700
2013-11-05,75.1900,76.4300,74.8400,76.2100,2591600
2013-11-04,75.2600,75.8400,74.5400,75.8100,1326600
2013-11-01,73.8900,76.8399,73.1500,74.9000,3263000
2013-10-31,75.1700,75.2200,73.7950,74.2200,2571100
2013-10-30,76.8100,76.9950,75.7800,76.0100,1405400
2013-10-29,77.0400,77.3000,76.3900,76.8800,1192200
2013-10-28,76.4400,76.7800,75.9300,76.5700,1340800
2013-10-25,76.9700,76.9900,75.3100,76.3100,1454200
2013-10-24,76.5000,77.1400,76.3000,76.8800,1182800
2013-10-23,76.4000,77.1600,75.3100,76.4700,1162800
2013-10-22,77.0000,78.2300,76.8600,77.0500,958500
2013-10-21,77.1300,77.2900,76.1500,76.7000,945900
2013-10-18,76.1300,77.5600,75.8500,77.1900,1830400
2013-10-17,73.7400,75.8200,73.7400,75.5500,1492800
2013-10-16,73.2200,74.2200,72.5000,74.1500,1416600
2013-10-15,73.4300,73.7000,72.4600,72.7500,1302100
2013-10-14,72.3400,73.8600,72.0300,73.7400,1102000
2013-10-11,72.1000,73.3700,71.9100,72.9800,1034500
2013-10-10,70.5400,71.9300,70.5400,71.7400,953600
2013-10-09,70.1300,70.6200,68.9301,69.6000,1533200
2013-10-08,71.0600,71.7600,69.5100,69.6900,1195000
2013-10-07,71.3400,71.9800,70.7800,71.2900,1037700
2013-10-04,71.7900,72.3100,71.3300,71.8700,1009700
2013-10-03,73.5000,73.7500,71.0100,71.8900,1427700
2013-10-02,71.3700,73.2800,71.3600,73.2000,1655900
2013-10-01,70.7700,72.4900,70.5500,71.9300,968600
2013-09-30,70.1200,71.1600,70.0300,70.9600,1001400
2013-09-27,71.3400,71.7225,70.7600,71.0500,1295300
2013-09-26,72.0000,72.1300,71.4700,72.0300,1068100
2013-09-25,71.2700,72.1300,70.6800,71.9000,1314400
2013-09-24,70.8200,72.0500,70.7700,71.3300,1295400
2013-09-23,71.7500,71.9400,70.4500,70.9200,1501000
2013-09-20,73.3700,74.7200,71.8300,72.0100,3790700
2013-09-19,70.1800,71.6200,70.0600,71.4500,1944000
2013-09-18,68.1800,70.7400,67.9600,69.9100,1717600
2013-09-17,67.8700,68.2200,67.5400,68.0400,688500
2013-09-16,68.7000,68.9800,67.6400,67.8600,1368300
2013-09-13,67.9000,68.2400,67.1400,67.2100,958200
2013-09-12,67.1400,68.4800,67.0000,67.7200,1549200
2013-09-11,66.4200,67.4900,66.4000,67.1500,975000
2013-09-10,66.3500,66.8600,66.2100,66.7200,2088900
2013-09-09,64.9100,66.3800,64.9100,65.8900,1172500
2013-09-06,65.3000,65.5500,64.5200,64.5800,984200
2013-09-05,64.0600,65.1400,64.0500,65.0000,776100
2013-09-04,63.5100,64.3300,63.3000,64.1300,676200
2013-09-03,64.0800,64.6780,63.2100,63.5400,938800
2013-08-30,64.0300,64.1400,63.1700,63.4300,927000
2013-08-29,63.8900,64.4600,63.7700,63.9000,1252500
2013-08-28,64.5600,64.7500,64.0800,64.3100,1083800
2013-08-27,65.6300,65.6900,64.5000,64.7300,1472500
2013-08-26,66.3200,67.0200,66.2501,66.4800,1104000
2013-08-23,66.3300,66.3300,65.2300,66.0800,937900
2013-08-22,65.7100,66.6900,65.6300,66.2800,679100
2013-08-21,64.7600,66.0000,64.6600,65.2500,1282800
2013-08-20,65.2900,65.7500,64.7500,65.0500,1876100
2013-08-19,65.8600,66.0200,64.8600,65.0600,1252800
2013-08-16,65.7400,66.6000,65.6200,66.1900,1026600
2013-08-15,65.8200,66.3000,65.3100,65.9500,1402700
2013-08-14,65.9200,66.7400,65.5400,66.4300,1344200
2013-08-13,65.7400,66.1000,65.3400,65.8100,1145700
2013-08-12,65.4000,65.9200,65.2300,65.5500,1419900
2013-08-09,66.0200,66.2500,65.3400,65.9800,1787700
2013-08-08,65.5000,66.7000,64.9350,66.0400,2553100
2013-08-07,65.3700,65.4750,64.2201,65.2100,2039800
2013-08-06,66.5300,66.6500,64.8900,65.5500,2970100
2013-08-05,66.3200,66.9100,65.8210,66.7000,1297100
2013-08-02,64.9200,67.0650,64.3300,66.5300,2620100
2013-08-01,63.1900,65.4600,61.6800,65.0400,2593500
2013-07-31,60.9000,63.4000,60.9000,62.5600,2884400
2013-07-30,60.5800,60.8600,60.1400,60.7300,2057300
2013-07-29,61.3400,61.3800,59.9800,60.3000,1629600
2013-07-26,61.5799,62.1700,61.1100,61.6000,1562900
2013-07-25,62.0700,62.7700,61.7510,62.1000,1315500
2013-07-24,63.1000,63.3800,62.2100,62.2900,1015700
2013-07-23,63.1200,63.1500,62.6400,62.9500,802100
2013-07-22,62.6200,63.0500,62.2300,63.0100,1017100
2013-07-19,62.3300,63.1200,62.0000,62.8400,1406300
2013-07-18,61.3600,62.5600,61.3600,62.2700,1130800
2013-07-17,61.6300,61.7600,61.0610,61.2700,918400
2013-07-16,62.0000,62.1500,60.6500,61.1700,1146400
2013-07-15,61.5000,62.0700,61.3503,61.8400,882500
2013-07-12,61.0700,61.8600,60.7000,61.4900,1255200
2013-07-11,60.3100,61.3600,60.1800,61.2400,2093400
2013-07-10,59.1100,59.5200,58.8000,59.2900,1091600
2013-07-09,58.3300,59.5400,58.2300,59.0100,1287400
2013-07-08,58.8000,58.9300,57.7050,57.7500,2006400
2013-07-05,58.8800,58.9700,57.5000,58.5900,1394400
2013-07-03,58.2300,58.6700,57.6410,58.2700,943500
2013-07-02,58.9700,59.2500,58.0100,58.3000,1337900
2013-07-01,59.8400,59.9900,58.8600,59.0200,1800200
2013-06-28,59.1900,59.7100,58.7800,59.3100,2050400
2013-06-27,59.3500,59.8968,58.9700,59.7300,1326600
2013-06-26,59.6700,59.7400,58.4400,58.8600,1536700
2013-06-25,59.2800,59.7400,58.7500,59.1400,1731400
2013-06-24,59.1100,59.1400,57.8400,58.6100,1760500
2013-06-21,60.4300,60.7300,59.3000,60.1700,2596800
2013-06-20,61.3000,61.3100,59.7100,60.0100,1927600
2013-06-19,63.1400,63.5000,62.2100,62.2300,1296500
2013-06-18,62.5300,63.5100,62.4200,63.2800,1347900
2013-06-17,61.5000,62.9150,61.4500,62.3100,1580100
2013-06-14,61.1500,61.8600,60.8500,61.0000,1171900
2013-06-13,60.1000,61.3500,60.0000,61.1400,1611400
2013-06-12,62.2000,62.4100,59.9400,60.2100,1646200
2013-06-11,62.1400,62.3200,61.0100,61.5700,1794000
2013-06-10,63.0000,63.4800,62.4000,63.0800,980700
2013-06-07,62.5000,63.1500,62.1200,62.8600,1015700
2013-06-06,61.3600,62.2400,61.0800,62.2000,1610900
2013-06-05,62.5000,62.6500,61.1700,61.5800,1647400
2013-06-04,62.8000,63.6100,61.8500,62.6700,1394100
2013-06-03,63.2600,63.5800,61.7800,63.1000,1702000
2013-05-31,63.5000,64.4300,63.2100,63.2100,1901200
2013-05-30,63.7500,64.2700,63.1201,63.8900,943000
2013-05-29,63.5600,64.3000,63.1200,63.4000,1239900
2013-05-28,64.8300,64.8700,64.0500,64.2600,1415200
2013-05-24,64.2800,64.7500,62.3800,63.6800,1949800
2013-05-23,63.8700,65.3300,63.2500,64.9300,1913500
2013-05-22,65.9200,66.6200,64.7600,65.0000,1656200
2013-05-21,66.0800,66.6600,65.4000,65.9900,1759100
2013-05-20,64.2200,66.9000,64.1700,66.2800,2878500
2013-05-17,62.3000,64.6700,62.2100,64.5700,2271900
2013-05-16,61.9600,62.8800,61.5700,62.0000,1597300
2013-05-15,61.5000,62.6400,61.2700,62.2900,2046800
2013-05-14,60.6200,61.8400,60.5100,61.8400,2035100
2013-05-13,61.4700,61.7980,60.2700,60.5800,1837100
2013-05-10,61.7000,61.9300,61.0300,61.9100,1535300
2013-05-09,62.1000,62.3701,61.4300,61.6700,1736500
2013-05-08,60.4400,61.9600,60.3800,61.7900,2082800
2013-05-07,60.1500,60.5100,59.7900,60.4300,1559700
2013-05-06,59.8100,60.4800,59.4000,60.0900,1629000
2013-05-03,59.7300,61.7500,59.0750,59.8000,3084100
2013-05-02,56.3600,57.6800,56.1800,57.4500,1756300
2013-05-01,56.5000,56.7700,55.6300,56.1500,2701800
2013-04-30,56.3700,57.0000,55.7200,56.9800,2148900
2013-04-29,56.5200,56.9999,56.0500,56.4500,1398100
2013-04-26,56.6100,56.8500,56.1400,56.3800,1098800
2013-04-25,56.6900,57.1600,56.3396,56.6300,1827100
2013-04-24,54.6100,56.3300,54.6100,56.3200,2283700
2013-04-23,55.5000,55.6100,53.7500,54.3800,2684500
2013-04-22,54.2800,55.3700,53.5000,55.2700,2371600
2013-04-19,54.3200,54.6700,53.7600,54.1600,2077500
2013-04-18,55.4500,55.8000,54.2200,54.3300,2462500
2013-04-17,56.0800,56.0800,54.4200,55.2700,3760000
2013-04-16,56.5800,57.2700,56.1200,56.6400,4489900
2013-04-15,59.7200,59.7200,54.9100,55.3000,15360800
2013-04-12,62.5100,62.6100,60.0100,60.2200,2519300
2013-04-11,62.6400,63.1900,62.0200,62.9200,1052600
2013-04-10,62.8600,63.6400,62.0600,62.5700,2109100
2013-04-09,62.5900,63.1000,61.9100,62.6800,1016100
2013-04-08,62.0700,62.9300,61.8600,62.4500,919200
2013-04-05,60.7400,62.1600,60.0000,62.0300,1352800
2013-04-04,62.0200,62.4200,61.1800,61.8200,1817200
2013-04-03,64.2400,64.6600,61.1000,61.9100,2844800
2013-04-02,65.5600,65.9800,64.1400,64.2800,1137200
2013-04-01,66.3000,66.8295,65.1300,65.4400,1181900
2013-03-28,65.4200,66.4600,65.0600,66.3300,1259100
2013-03-27,64.8400,65.4100,64.1100,65.2500,1036400
2013-03-26,64.6800,65.5100,64.6100,65.4900,861500
2013-03-25,65.1100,65.5000,63.8000,64.3000,1291500
2013-03-22,63.9500,65.0800,63.5900,64.9400,1344400
2013-03-21,63.5800,64.3150,63.2600,63.6300,857900
2013-03-20,63.7900,64.2500,63.6200,64.0300,772500
2013-03-19,63.8400,63.9850,62.7600,63.5000,1390000
2013-03-18,63.4600,63.9400,62.7300,63.5500,1506300
2013-03-15,64.4700,65.1500,64.2000,64.4800,1519900
2013-03-14,64.0000,64.8700,63.9400,64.7900,1005500
2013-03-13,63.8000,63.9900,63.3702,63.7800,1041300
2013-03-12,63.9700,64.1600,63.0300,63.8300,1033300
2013-03-11,64.2700,64.2700,63.7500,63.9600,1272800
2013-03-08,63.8800,64.5200,63.4500,64.3100,1092700
2013-03-07,62.9200,63.6200,62.7200,63.4100,2141500
2013-03-06,62.0900,62.9200,61.8100,62.7500,2007900
2013-03-05,60.6100,61.7900,60.5300,61.6300,1850400
2013-03-04,60.1700,60.2800,58.5600,60.0300,2848800
2013-03-01,61.2900,61.3000,59.4900,60.5100,3538700
2013-02-28,62.5300,62.8430,61.8900,61.9000,1609000
2013-02-27,61.3200,62.9200,61.1700,62.5300,1249000
2013-02-26,61.7100,61.7800,59.6100,61.3600,3035800
2013-02-25,64.4800,64.5600,61.4500,61.4500,2004100
2013-02-22,63.9100,64.2850,63.1800,64.0500,1418300
2013-02-21,63.7400,64.0400,61.8900,63.5300,3060500
2013-02-20,65.9800,66.1200,64.3300,64.3400,2010800
2013-02-19,64.4700,66.2800,64.2800,66.2800,2029100
2013-02-15,64.4700,64.7000,64.1900,64.5100,1082200
2013-02-14,63.8500,64.8900,63.7034,64.5700,1277800
2013-02-13,64.0600,64.9900,63.9800,64.0500,1434800
2013-02-12,63.6000,63.7000,63.1900,63.5700,1172700
2013-02-11,64.0100,64.3400,63.1500,63.4300,1434600
2013-02-08,64.7000,64.7000,63.2400,63.7100,1856100
2013-02-07,65.4100,65.4100,64.0900,64.7000,1045100
2013-02-06,64.9300,65.3900,64.6200,65.2500,1203700
2013-02-05,65.4300,65.6900,65.0100,65.5400,1333700
2013-02-04,65.4000,65.5900,64.8000,65.1100,951600
2013-02-01,65.6700,66.2300,65.4300,65.8300,1415200
2013-01-31,64.6900,65.1200,63.9900,64.8300,1730900
2013-01-30,66.0100,66.0100,64.8200,65.0100,1333700
2013-01-29,65.7700,66.0500,65.4000,65.9800,981900
2013-01-28,66.0900,66.6700,65.5700,65.7800,1123200
2013-01-25,64.9800,66.0600,64.5200,66.0600,1665800
2013-01-24,63.8700,64.9800,63.7100,64.6100,1012700
2013-01-23,64.1300,64.3600,63.4600,63.6900,1434200
2013-01-22,63.1800,64.2400,62.9300,64.0100,815100
2013-01-18,63.3600,63.4500,62.4500,63.3100,938000
2013-01-17,63.0900,64.2000,63.0500,63.1000,1177600
2013-01-16,62.3100,62.7600,62.1600,62.7500,1024400
2013-01-15,61.6600,62.6700,61.3400,62.5900,968400
2013-01-14,62.2000,62.3100,61.3700,62.0700,936200
2013-01-11,62.4700,62.4700,61.4900,62.1700,1366100
2013-01-10,61.4300,62.7700,61.1300,62.6300,2862400
2013-01-09,60.3000,61.1100,60.2300,60.7300,874300
2013-01-08,60.2800,60.5600,59.7500,59.9800,968800
2013-01-07,60.1600,60.5600,59.3200,60.3100,988300
2013-01-04,60.6100,60.8250,60.3300,60.5300,845600
2013-01-03,61.0000,61.2200,60.2700,60.3700,1386400
2013-01-02,60.1400,61.0200,59.8900,61.0000,2404500
2012-12-31,57.2300,59.0300,56.8400,58.7400,1610600
2012-12-28,57.6700,57.8400,57.1850,57.2300,995700
2012-12-27,58.1100,58.3600,57.2700,58.2000,919500
2012-12-26,58.4800,58.9500,57.9800,58.0100,887100
2012-12-24,58.9600,59.0600,58.2700,58.5300,504700
2012-12-21,58.7000,59.2000,58.4300,59.1500,1875900
2012-12-20,59.0000,59.5500,58.5300,59.5300,1047200
2012-12-19,59.2500,59.9600,58.7700,58.7900,1269400
2012-12-18,58.2700,59.4700,57.8200,59.3500,1972400
2012-12-17,57.4900,57.8700,57.2200,57.8400,893000
2012-12-14,56.9700,57.7000,56.8600,57.0900,1100900
2012-12-13,57.5900,57.9000,56.8020,56.9900,1682700
2012-12-12,58.6700,58.8300,57.3900,57.5200,2283500
2012-12-11,57.8200,58.6300,57.5300,58.3600,2960200
2012-12-10,56.2400,57.5400,56.1500,57.5200,1868200
2012-12-07,55.3600,56.3700,55.2600,56.3200,1936900
2012-12-06,53.4900,55.3200,53.4900,55.1700,2916200
2012-12-05,53.7200,54.0600,53.3300,53.5000,1703800
2012-12-04,53.0200,53.8400,52.7900,53.6900,1531200
2012-12-03,53.2700,53.8900,52.9000,52.9800,972400
2012-11-30,53.2900,53.8400,52.9800,53.0800,1531300
2012-11-29,53.6200,53.9400,53.0800,53.5000,1557200
2012-11-28,52.7000,53.4100,51.8700,53.3700,1400300
2012-11-27,53.4500,53.7100,52.9800,53.0700,1269500
2012-11-26,53.4000,54.0100,53.3700,53.7700,1658700
2012-11-23,53.6000,53.8100,53.1000,53.8100,636000
2012-11-21,53.1500,53.4700,53.0001,53.2700,1082900
2012-11-20,52.5300,53.0850,52.3600,52.9500,1700600
2012-11-19,51.2500,52.8700,51.1100,52.5700,2183200
2012-11-16,51.8200,52.1700,51.1000,51.8200,1604100
2012-11-15,51.4500,52.0700,51.0900,51.9100,2505200
2012-11-14,52.6200,53.0900,51.3800,51.3900,2117400
2012-11-13,51.7500,52.9400,51.7500,52.2400,1598800
2012-11-12,52.3300,52.7900,52.0400,52.2300,1384300
2012-11-09,51.5200,52.8500,51.5200,52.1600,1771700
2012-11-08,53.5200,53.5200,51.5900,51.8600,2290300
2012-11-07,54.2000,54.2000,52.6000,53.2300,2307500
2012-11-06,53.3100,54.7900,53.1600,54.4900,2854200
2012-11-05,51.6500,53.1200,51.4500,53.0100,2016700
2012-11-02,55.0000,55.4800,51.8800,52.0100,6097700
2012-11-01,56.1900,58.0000,55.8300,57.6600,2053000
2012-10-31,56.2500,58.6500,55.7900,55.8500,2203700
2012-10-26,55.2800,55.9400,54.5500,55.3100,871500
2012-10-25,55.5200,55.9183,54.5600,55.2100,802700
2012-10-24,55.7500,56.1200,55.0600,55.2800,1025500
2012-10-23,55.7100,55.7500,55.1000,55.3500,1286700
2012-10-22,57.1600,57.6100,56.1000,56.6300,927600
2012-10-19,58.7200,58.7200,56.9800,57.1600,1309700
2012-10-18,57.6000,59.4000,57.5100,59.0700,1262600
2012-10-17,58.0000,58.3400,57.6800,57.7300,924400
2012-10-16,57.6600,58.0200,57.0100,57.9500,1418000
2012-10-15,56.5000,57.4400,56.1300,57.3500,1310300
2012-10-12,56.9100,57.1200,56.0300,56.3900,1355800
2012-10-11,56.7300,57.0700,56.3600,56.8700,1500100
2012-10-10,56.1900,56.6400,55.5500,56.1100,1059900
2012-10-09,56.6000,56.6500,55.9800,56.3600,1039700
2012-10-08,56.7500,57.2500,56.3700,56.4900,626800
2012-10-05,57.8800,58.2900,56.8900,57.2000,1117400
2012-10-04,56.9200,57.6180,56.6600,57.2700,1722200
2012-10-03,56.9300,57.4300,56.2200,56.4000,1274200
2012-10-02,57.0200,57.5000,56.4400,56.8800,1173000
2012-10-01,56.5600,57.7700,56.5600,56.7300,1343600
2012-09-28,56.2300,56.6300,55.7700,56.2800,1374300
2012-09-27,56.3000,57.0700,56.1100,56.6100,1232100
2012-09-26,56.5300,56.6900,55.3600,56.0000,1506800
2012-09-25,58.8500,58.8500,56.6600,56.6900,1523500
2012-09-24,58.7500,59.1199,58.3900,58.7100,968600
2012-09-21,59.8800,60.0000,59.1200,59.2000,1543300
2012-09-20,59.3100,59.3500,58.4510,59.3400,1714700
2012-09-19,59.7700,60.0400,59.4000,59.6900,1729300
2012-09-18,59.3500,60.1200,59.2900,59.7700,1646400
2012-09-17,60.1900,60.1900,59.3300,59.6100,1641800
2012-09-14,57.8700,60.8200,57.8700,60.1500,3797600
2012-09-13,57.0100,58.6900,56.4500,58.3800,2090100
2012-09-12,57.2500,57.3000,56.4700,56.9700,3640000
2012-09-11,56.0500,57.0100,55.9300,56.9900,2266600
2012-09-10,54.5800,56.4100,54.5500,55.8600,2374100
2012-09-07,53.6500,55.2200,53.2800,54.7500,2089700
2012-09-06,52.5000,53.7100,52.4000,53.2800,1591900
2012-09-05,51.9100,52.3400,51.6800,52.0500,1322800
2012-09-04,51.5200,52.3400,51.1300,51.9000,2228100
2012-08-31,51.7700,52.0400,51.1420,51.5000,1935800
2012-08-30,51.6400,52.0500,51.3000,51.3100,1194300
2012-08-29,52.4400,52.5200,51.6700,52.2000,1044800
2012-08-28,52.6600,52.8900,52.2004,52.5400,992100
2012-08-27,53.1000,53.1900,52.5500,52.7200,862900
2012-08-24,53.1100,53.4200,52.6000,53.0700,945300
2012-08-23,53.2400,53.7600,52.8800,53.2100,979600
2012-08-22,53.7600,53.9000,52.8000,53.2900,1209500
2012-08-21,54.4100,55.0000,53.8500,53.9500,1278100
2012-08-20,53.9800,54.3200,53.6300,54.3100,871200
2012-08-17,54.6100,54.6100,53.8400,54.2600,1052200
2012-08-16,53.6500,54.7500,53.5900,54.5300,1230000
2012-08-15,53.0600,53.6200,52.9100,53.5800,1059000
2012-08-14,53.9800,53.9800,53.0800,53.2800,1167400
2012-08-13,53.5800,54.1400,53.0600,53.6100,633400
2012-08-10,54.1700,54.1700,53.2345,53.6600,1029900
2012-08-09,54.0100,54.5800,53.8100,54.3600,1829100
2012-08-08,53.0600,54.1998,52.6600,54.1300,1613200
2012-08-07,53.2700,54.1500,53.0000,53.3000,2330400
2012-08-06,52.5700,53.7500,52.2700,52.9500,2225600
2012-08-03,52.0000,53.0000,50.6600,52.2000,2257700
2012-08-02,49.6200,50.5000,48.8900,49.7200,1974700
2012-08-01,49.9500,50.7700,49.2900,50.0600,1853400
2012-07-31,49.7900,50.5100,49.5200,49.5800,1153800
2012-07-30,51.1500,51.7900,49.8000,50.0800,1924200
2012-07-27,49.5800,51.1600,49.1700,50.5800,1682100
2012-07-26,48.3400,49.3700,48.1500,49.2100,1659200
2012-07-25,47.3600,48.5000,47.1200,47.3900,1296500
2012-07-24,47.6500,47.9400,46.5700,47.0300,1558600
2012-07-23,47.6300,47.9600,46.8000,47.7000,1591900
2012-07-20,48.6600,49.0000,48.3800,48.7300,1289600
2012-07-19,49.0900,49.7200,48.6456,49.2200,1483400
2012-07-18,47.4800,49.2600,47.3900,49.0900,1803400
2012-07-17,47.3800,47.8000,46.8100,47.7900,1162800
2012-07-16,47.1000,47.3400,46.3700,47.2000,829000
2012-07-13,46.3700,47.3600,46.2400,47.2600,1486200
2012-07-12,45.8200,46.4900,45.6100,46.0900,2070500
2012-07-11,46.7800,46.9800,45.8100,46.2000,2242600
2012-07-10,48.6700,48.9300,46.5200,46.8700,1730000
2012-07-09,48.9600,49.0500,48.0700,48.2000,1485000
2012-07-06,49.2800,49.2900,48.4600,49.0600,1049300
2012-07-05,49.9700,50.2300,49.2900,49.9700,1737200
2012-07-03,49.2500,50.1300,49.1000,49.9800,1103600
2012-07-02,49.4900,49.6800,48.7500,49.1700,1290600
2012-06-29,49.5800,49.7600,49.0000,49.3400,2124900
2012-06-28,46.6600,48.3900,46.5600,48.3400,2336400
2012-06-27,45.7900,47.2850,45.6300,47.1600,2158100
2012-06-26,45.2700,45.9200,45.1000,45.5000,2199100
2012-06-25,45.5300,45.5300,44.9900,45.1200,1852600
2012-06-22,47.1400,47.1500,45.6500,46.0800,3974800
2012-06-21,48.7700,48.7700,46.6100,46.7300,1736500
2012-06-20,49.2100,49.3500,48.1600,48.6400,1701400
2012-06-19,48.2000,49.4100,48.2000,49.0700,1290500
2012-06-18,47.0500,48.0900,46.7600,47.9900,1365100
2012-06-15,47.3100,47.6900,47.1100,47.4800,1698600
2012-06-14,47.0600,47.4400,46.6200,47.1300,1407000
2012-06-13,47.4400,47.7900,46.7000,46.9100,1977100
2012-06-12,47.4400,48.2000,47.0700,47.8400,1404300
2012-06-11,49.2300,49.3400,47.0100,47.0800,1810300
2012-06-08,48.7600,49.0400,48.0000,48.5300,2324400
2012-06-07,49.7900,50.9600,49.1100,49.1700,2798400
2012-06-06,48.0600,49.1700,48.0000,48.9100,2366900
2012-06-05,46.0800,47.6100,45.9800,47.4100,2948100
2012-06-04,46.5500,46.9000,45.5400,46.2200,2638100
2012-06-01,45.9100,46.9800,45.6200,46.4900,3500100
2012-05-31,48.3200,48.4200,46.0500,46.8800,4120800
2012-05-30,49.7500,49.8800,48.0800,48.2100,3103700
2012-05-29,50.2800,50.8700,49.9600,50.5100,2360800
2012-05-25,50.0000,50.2100,49.4500,49.7000,1935900
2012-05-24,50.4200,50.8200,49.4600,50.0500,1745400
2012-05-23,49.8000,50.6700,49.3200,50.4800,2600000
2012-05-22,51.2900,51.4600,50.1700,50.4800,2019700
2012-05-21,49.9500,51.0200,49.4000,50.8300,1689500
2012-05-18,50.8100,51.0000,49.4000,49.5900,1758300
2012-05-17,51.2800,51.3850,50.0400,50.2000,2239700
2012-05-16,52.1200,52.6400,51.0600,51.3200,2857800
2012-05-15,52.5600,53.0800,51.4700,51.6800,1987100
2012-05-14,53.0500,53.2400,52.4900,52.6100,1779500
2012-05-11,54.2100,55.0800,53.8000,53.8900,1429900
2012-05-10,55.1900,56.2400,54.4800,54.6000,3521800
2012-05-09,54.0500,54.7700,53.4300,54.4200,2338900
2012-05-08,56.0000,56.0000,54.2200,55.2000,2504600
2012-05-07,57.2400,57.2400,55.9900,56.4100,2235900
2012-05-04,59.6500,59.9900,56.5500,56.9300,4157600
2012-05-03,57.9400,57.9400,56.2400,56.5400,2085300
2012-05-02,57.5800,58.0000,57.1200,57.7900,1481200
2012-05-01,57.5400,58.6300,57.0900,57.9800,1603000
2012-04-30,58.7400,58.7400,57.2700,57.7500,1634400
2012-04-27,58.3900,59.0700,58.1100,58.7700,1575200
2012-04-26,58.3100,58.8280,57.7500,58.2600,1880500
2012-04-25,58.1400,58.5800,57.7600,58.3500,1662800
2012-04-24,57.4900,57.6200,57.0200,57.4800,993000
2012-04-23,57.3500,57.4800,56.5900,57.3600,1437200
2012-04-20,58.3500,59.1600,58.2700,58.4400,1242600
2012-04-19,59.0200,59.3400,57.6900,57.9300,1513200
2012-04-18,59.2000,59.9600,58.8600,58.9000,1712700
2012-04-17,58.7700,60.2100,58.7700,59.7600,1315000
2012-04-16,58.5500,59.0000,57.6400,58.2800,1480800
2012-04-13,59.3000,59.3000,58.0000,58.1000,1259800
2012-04-12,57.9800,59.7600,57.8790,59.4300,1378800
2012-04-11,58.2400,58.4500,57.4000,57.8300,1145100
2012-04-10,58.4900,58.7500,57.0000,57.3100,1879700
2012-04-09,59.1800,59.2000,58.3700,58.8400,1558300
2012-04-05,59.9300,60.6700,59.6300,59.9200,1218800
2012-04-04,60.3400,60.9200,59.8900,60.6100,1742200
2012-04-03,60.9200,61.5000,60.5200,61.0100,1677700
2012-04-02,59.9800,61.6500,59.5300,61.1700,2129900
2012-03-30,60.4800,60.8500,59.4500,60.0400,1027000
2012-03-29,59.6300,60.2200,59.0500,60.0600,1223900
2012-03-28,61.5500,61.7000,59.3890,60.0500,2115800
2012-03-27,62.5000,62.7300,61.8300,61.9700,1881100
2012-03-26,61.4300,62.6700,61.4300,62.5100,2399300
2012-03-23,59.7500,61.0900,59.1900,60.7600,2403800
2012-03-22,59.6100,59.9800,58.8500,59.5600,1855200
2012-03-21,60.6600,60.7700,59.8600,60.3400,1876100
2012-03-20,61.0500,61.0500,59.8200,60.3800,2418800
2012-03-19,62.4700,62.4700,61.3300,61.7600,1232700
2012-03-16,62.8200,63.3300,62.4700,62.6800,1871700
2012-03-15,62.4500,62.6000,61.9000,62.3500,1443800
2012-03-14,62.3500,62.6900,62.0000,62.3600,1394500
2012-03-13,60.9100,62.5600,60.4700,62.5000,1898400
2012-03-12,61.0400,61.3700,60.3200,60.4200,1363000
2012-03-09,60.6100,61.3800,60.2900,61.0500,1249800
2012-03-08,59.4100,60.5200,59.2700,60.0900,1859900
2012-03-07,58.3400,59.1000,58.2300,58.8900,1715300
2012-03-06,58.9900,59.1299,57.8900,58.3500,3139700
2012-03-05,61.6300,61.9100,60.8100,61.1900,1071800
2012-03-02,61.5100,61.8700,60.9100,61.6900,1585200
2012-03-01,60.9500,61.9000,60.7600,61.8400,2339000
2012-02-29,62.0000,62.3200,60.3400,60.4800,2037300
2012-02-28,62.3500,62.5000,61.6400,62.0000,1266700
2012-02-27,62.4500,63.2500,61.8300,62.5000,2118600
2012-02-24,64.0600,64.0600,63.2200,63.4000,2948600
2012-02-23,61.5500,64.6700,61.0000,63.9900,5268400
2012-02-22,61.4300,61.6400,60.1100,60.3600,1958100
2012-02-21,61.3200,62.2000,61.3200,61.6500,1826500
2012-02-17,60.4800,61.2400,60.3400,61.0000,1475300
2012-02-16,59.6300,60.6000,59.2900,60.3000,1223800
2012-02-15,61.2200,61.2200,59.0000,59.2700,2068200
2012-02-14,60.3700,60.8200,59.9800,60.8100,1483300
2012-02-13,60.2800,60.3600,59.1200,60.1600,1040000
2012-02-10,59.5700,59.7800,58.6300,59.5700,1082900
2012-02-09,59.3300,60.4400,59.2600,60.2200,1150300
2012-02-08,58.7100,59.2500,58.5700,59.1300,1205400
2012-02-07,59.0100,59.1800,58.5400,58.5600,1150600
2012-02-06,59.6200,59.7800,58.9700,59.4000,1128300
2012-02-03,59.0900,60.6300,59.0800,59.8600,1951100
2012-02-02,58.0500,58.3000,57.7660,57.9700,1422700
2012-02-01,56.9600,58.4200,56.9600,57.9400,1607200
2012-01-31,56.5000,56.9550,55.3600,56.2400,1415000
2012-01-30,56.3300,56.3800,55.1300,56.1900,1769000
2012-01-27,56.4300,57.7600,56.3500,57.2300,1448100
2012-01-26,56.9300,58.5300,56.7400,56.9700,2091100
2012-01-25,55.0000,56.9400,54.8100,56.7300,1775200
2012-01-24,55.2000,55.2300,54.5500,55.1300,1651600
2012-01-23,55.9400,56.2800,55.2300,55.6400,1565000
2012-01-20,56.4600,56.5575,55.7800,55.8700,1282400
2012-01-19,55.5200,57.0900,55.5000,56.6300,1917400
2012-01-18,54.5400,55.9700,53.9400,55.3900,2500400
2012-01-17,54.2900,54.8800,53.6700,54.6500,2017800
2012-01-13,53.5900,53.7900,52.6400,53.5400,1551100
2012-01-12,52.9100,54.3500,52.6100,54.1900,2202800
2012-01-11,52.8900,53.2700,52.6600,52.7000,1649100
2012-01-10,52.4500,53.4500,52.3800,53.0100,2205300
2012-01-09,51.9000,52.3800,51.3200,51.5300,1854600
2012-01-06,52.0100,52.4600,51.6500,51.7200,1111000
2012-01-05,51.5900,52.4300,51.2500,51.9600,1519400
2012-01-04,51.5900,52.2700,51.0200,52.0900,1452400
2012-01-03,51.5300,52.6200,51.4400,51.9800,1645100
2011-12-30,50.2000,50.7000,50.1000,50.2500,929800
2011-12-29,50.0300,50.6500,49.9000,50.3200,1187800
2011-12-28,51.0200,51.1300,49.6000,49.6800,1318200
2011-12-27,50.3800,51.1600,50.2300,50.8600,1137300
2011-12-23,50.4200,50.8300,49.6600,50.7400,1166900
2011-12-22,49.3800,50.6900,49.2100,50.4600,1690600
2011-12-21,48.8500,49.4000,48.1840,49.2000,1557100
2011-12-20,48.0100,49.7800,48.0000,49.1100,2262800
2011-12-19,48.3100,48.7800,46.8300,47.0600,2115800
2011-12-16,48.8900,49.4600,47.9700,48.0900,2960400
2011-12-15,49.2900,49.6700,48.1200,48.2700,2757700
2011-12-14,49.5400,49.6899,48.1000,48.3100,2427500
2011-12-13,51.4000,51.8700,49.6000,50.0000,2562400
2011-12-12,51.4300,51.5800,50.4000,51.0100,2976200
2011-12-09,51.6500,52.8100,51.6500,52.4800,1786400
2011-12-08,53.2400,53.4700,51.5000,51.7200,2590200
2011-12-07,54.2800,54.2800,53.2000,53.9100,1714800
2011-12-06,56.1500,56.1600,54.0100,54.6400,2511200
2011-12-05,55.0400,56.0800,54.4700,55.1200,2476400
2011-12-02,55.1700,55.4500,53.7500,53.8400,1877100
2011-12-01,54.6000,55.0000,53.9100,54.4100,1216800
2011-11-30,54.0600,54.8500,53.9200,54.8200,2474900
2011-11-29,52.3600,52.4888,51.7400,52.0700,1738900
2011-11-28,52.1000,53.2000,51.7000,52.3500,2511200
2011-11-25,50.1100,50.7000,49.5000,49.5100,937000
2011-11-23,51.5900,51.7000,50.1700,50.3300,1541400
2011-11-22,52.0800,53.0200,51.5600,52.4800,2158500
2011-11-21,51.9900,52.6400,50.7700,52.2100,2766200
2011-11-18,53.4200,53.6100,52.0750,52.5200,1818700
2011-11-17,54.5800,54.9100,52.5500,52.9700,1855600
2011-11-16,54.1500,56.1000,54.0000,54.9000,2673300
2011-11-15,53.7500,55.5900,53.3400,55.0600,2174000
2011-11-14,55.6200,56.0100,53.9900,54.6700,2440200
2011-11-11,54.9500,56.4300,54.6500,56.1000,1836700
2011-11-10,54.1300,54.7100,53.1100,53.9400,2802500
2011-11-09,54.1200,54.8100,52.8100,53.1400,2671300
2011-11-08,55.1500,56.2200,54.4200,56.0500,2282800
2011-11-07,55.2000,55.7200,53.7300,55.0400,2509200
2011-11-04,55.2800,56.8500,53.8700,54.8600,5941700
2011-11-03,57.3300,58.8000,56.5200,58.6000,2824900
2011-11-02,55.3000,56.1700,54.3000,55.5800,2433700
2011-11-01,54.3100,55.4700,53.0900,54.2000,3184900
2011-10-31,58.3600,58.5300,56.8200,56.8500,2011900
2011-10-28,59.5600,60.1300,58.8810,59.6300,1677500
2011-10-27,59.1800,60.7600,58.2800,59.7000,3138900
2011-10-26,56.6800,57.1800,54.8500,56.6400,1854600
2011-10-25,55.9700,56.9900,54.6500,55.7900,2336900
2011-10-24,54.6300,56.7600,54.5800,56.7200,2388000
2011-10-21,53.6200,54.5200,53.0300,54.5200,1778800
2011-10-20,52.4100,53.0200,51.0700,52.7500,1917400
2011-10-19,53.0100,53.6200,52.0900,52.5000,1744100
2011-10-18,53.0000,53.7200,52.1900,52.9800,3976600
2011-10-17,55.1800,55.2700,52.8600,53.0100,1749500
2011-10-14,55.4900,55.9700,54.3000,55.6700,1361200
2011-10-13,54.4600,55.0900,53.3700,54.6000,1489100
2011-10-12,54.3200,55.9300,54.1600,55.0300,2395700
2011-10-11,52.1700,54.3700,52.1200,53.8600,2091600
2011-10-10,51.4800,53.2000,51.4800,52.7700,1752200
2011-10-07,52.3050,52.3050,48.9300,50.1400,2191600
2011-10-06,49.8600,51.7800,49.7300,51.7400,2013200
2011-10-05,48.9100,50.1800,48.1100,49.7900,2486400
2011-10-04,44.8100,48.8900,44.1600,48.8300,4200000
2011-10-03,46.2800,47.5000,45.4300,45.4900,3350700
2011-09-30,48.5200,48.6800,45.8612,46.5500,4301300
2011-09-29,50.6600,51.1000,48.3600,49.5600,2168500
2011-09-28,52.1300,52.1800,49.1600,49.2700,2829200
2011-09-27,52.5200,53.9100,51.4300,51.7700,3004000
2011-09-26,50.6200,51.1800,48.6000,50.9900,2917100
2011-09-23,49.4652,50.9100,49.1900,50.3100,2887700
2011-09-22,51.6300,51.7800,47.8100,49.5200,4287200
2011-09-21,56.9500,57.5500,53.7400,53.7600,2509700
2011-09-20,59.0000,59.4400,57.1000,57.1600,1751100
2011-09-19,59.1100,59.2800,57.5000,58.5600,2183000
2011-09-16,60.9400,61.0700,59.9500,60.5700,1898100
2011-09-15,59.9800,60.7000,59.2300,60.6300,1547500
2011-09-14,58.8300,59.9900,57.1721,59.0300,1386100
2011-09-13,57.8600,58.7000,56.9800,58.3800,1796200
2011-09-12,56.8400,58.0000,55.5100,57.5200,1855200
2011-09-09,58.8500,59.3000,56.8175,57.5100,2069600
2011-09-08,59.7500,61.0000,59.2700,59.8600,1906300
2011-09-07,59.2400,60.4200,58.5100,60.1800,1779300
2011-09-06,55.7200,58.1900,55.5200,57.8900,2611400
2011-09-02,58.1000,58.8500,57.6400,58.1300,1443900
2011-09-01,60.6500,61.5000,59.4805,59.7300,1701000
2011-08-31,60.9400,62.4300,60.0900,60.7200,2150600
2011-08-30,59.2400,61.0700,58.9100,60.5900,2019000
2011-08-29,58.4200,59.6500,58.4200,59.5900,1689600
2011-08-26,55.5100,57.9100,54.3700,57.3900,2026200
2011-08-25,57.5200,58.1400,55.7900,56.1300,1842900
2011-08-24,56.3700,57.6800,56.0000,57.5700,1941800
2011-08-23,54.6700,56.4800,54.0100,56.4600,1449800
2011-08-22,55.9200,56.0000,54.0000,54.5000,1703200
2011-08-19,54.1700,56.3100,53.8600,54.1800,2415000
2011-08-18,58.1800,58.1800,54.4700,55.1400,3717000
2011-08-17,59.9200,61.6100,59.6700,60.5500,2720500
2011-08-16,59.5000,60.5600,58.8800,59.5600,3220400
2011-08-15,59.5500,60.4500,59.3000,60.4200,2349900
2011-08-12,57.8400,59.1500,57.1600,58.7900,2677600
2011-08-11,54.2300,58.2900,54.0500,57.4200,4347500
2011-08-10,53.2900,56.1000,52.5300,53.8700,4208300
2011-08-09,51.5100,55.1100,50.6500,54.9700,4386200
2011-08-08,54.5500,56.3400,49.0400,50.1200,4933600
2011-08-05,57.6400,60.9200,54.7600,57.1100,5127100
2011-08-04,59.2600,59.2600,54.5100,54.5900,4611300
2011-08-03,60.8500,61.2100,58.6300,60.3400,2682700
2011-08-02,62.2700,63.1300,60.5200,60.5300,2504100
2011-08-01,64.8900,64.9800,62.0500,62.7800,1551500
2011-07-29,62.3900,64.1300,62.0100,63.5300,1563400
2011-07-28,64.5500,65.3600,63.1800,63.3200,1618800
2011-07-27,66.2000,66.2000,64.2400,64.3900,1351100
2011-07-26,67.5000,67.6800,66.7500,66.9200,1244600
2011-07-25,66.7900,68.0000,66.4200,67.6000,1339300
2011-07-22,67.0700,67.7500,66.2500,67.3800,975100
2011-07-21,66.1600,67.6200,66.0100,67.1800,1177700
2011-07-20,65.9600,66.0000,65.2000,65.5600,1342300
2011-07-19,64.9200,65.7900,64.6900,65.7500,1229200
2011-07-18,65.0800,65.2400,63.9000,64.3000,1407100
2011-07-15,64.6100,65.3900,63.9100,65.1500,1600400
2011-07-14,64.9400,65.6900,63.8200,64.2900,1727000
2011-07-13,64.7000,65.8800,64.4100,64.8800,1725700
2011-07-12,65.2400,65.6900,64.0600,64.0900,1529400
2011-07-11,66.1200,66.3950,64.5500,64.9900,2163400
2011-07-08,65.8700,67.1000,65.5700,66.9900,2227900
2011-07-07,65.8200,66.8600,65.6500,66.7800,2321400
2011-07-06,64.6300,65.0600,64.0000,64.9300,1462500
2011-07-05,64.2700,65.6500,63.6900,64.6500,2899900
2011-07-01,64.7600,64.8200,63.9400,64.0900,2286900
2011-06-30,63.6000,65.0700,63.5600,64.6600,1519800
2011-06-29,63.3000,64.0150,63.0600,63.5700,1619300
2011-06-28,61.9500,63.2800,61.7000,63.2300,908200
2011-06-27,61.0100,62.1700,60.8000,61.6600,1595300
2011-06-24,61.8900,62.4400,60.9200,61.1200,3523800
2011-06-23,60.9900,61.9800,60.4100,61.8800,1601400
2011-06-22,62.3400,63.0000,62.2400,62.2700,1274400
2011-06-21,62.1300,63.0300,61.9700,62.6500,1235000
2011-06-20,60.1900,61.7500,60.1000,61.5100,1450400
2011-06-17,62.0400,62.2600,60.3600,60.4800,2356100
2011-06-16,62.3800,62.8300,60.9500,61.4400,1855300
2011-06-15,63.0300,63.7100,62.3100,62.3800,1650200
2011-06-14,62.6600,64.0400,62.6400,63.8900,1898300
2011-06-13,62.0000,62.5700,60.9814,61.8700,1952600
2011-06-10,62.6650,62.6700,61.1900,61.9500,2506700
2011-06-09,63.3600,63.5500,62.8300,62.8900,1969100
2011-06-08,63.0300,64.1700,62.9300,63.4500,1759000
2011-06-07,63.8500,64.0900,63.1600,63.4200,1512600
2011-06-06,65.3200,65.4700,63.0300,63.2500,2294500
2011-06-03,65.1700,66.6200,65.1100,65.7500,1148100
2011-06-02,66.2100,67.0800,65.6200,66.4600,1583100
2011-06-01,68.6000,69.0400,65.8700,66.0000,1627200
2011-05-31,69.1200,69.4800,68.3700,68.9300,1973600
2011-05-27,67.5200,68.5000,67.4500,68.0000,1042300
2011-05-26,66.9600,67.4800,66.6430,67.3200,1136800
2011-05-25,65.5200,67.8100,65.5200,67.1900,2671300
2011-05-24,66.2000,66.9800,65.5800,66.0300,2135700
2011-05-23,66.0200,66.2100,65.4500,65.7600,1841900
2011-05-20,67.7800,68.0500,66.6300,67.3300,2825300
2011-05-19,68.8500,69.1900,67.1750,67.7900,2743300
2011-05-18,68.5100,68.8200,67.6500,68.3900,3551000
2011-05-17,69.3500,69.5800,67.3900,67.9400,3304900
2011-05-16,68.7200,70.2400,68.4200,69.7200,2892300
2011-05-13,70.9400,71.3100,68.7600,69.0000,2302300
2011-05-12,71.2900,71.5400,69.7500,70.8700,2283800
2011-05-11,72.3100,72.7800,70.7100,71.7600,2406000
2011-05-10,72.1200,73.1800,71.6100,72.5800,2337600
2011-05-09,70.8500,72.6500,70.7900,72.2200,2628800
2011-05-06,68.5600,72.3400,68.5000,70.8700,5131300
2011-05-05,65.7200,66.8500,64.7500,65.6900,1937900
2011-05-04,67.8700,68.0800,66.0000,66.2000,1932100
2011-05-03,67.7100,68.9090,66.8900,68.1200,2566200
2011-05-02,70.2400,70.6200,67.9400,68.0600,1782400
2011-04-29,67.4900,70.2000,67.4900,69.9400,2160600
2011-04-28,67.2500,68.0000,67.0000,67.4700,1690000
2011-04-27,68.7200,68.8900,66.6400,67.7200,2202900
2011-04-26,69.3300,70.2700,68.5500,68.7200,1700000
2011-04-25,68.9000,69.7000,68.8301,69.2200,1787300
2011-04-21,68.7000,69.4700,68.6050,69.4000,1120100
2011-04-20,68.4900,68.9700,68.0000,68.2800,1449200
2011-04-19,66.7600,67.5800,66.0200,67.4100,1988400
2011-04-18,67.8700,67.9100,65.8800,66.8400,2436200
2011-04-15,66.9800,68.7400,66.9600,68.7300,2345300
2011-04-14,67.0100,67.5100,66.5000,66.8200,2195500
2011-04-13,68.3700,68.8800,67.0900,67.5100,1907300
2011-04-12,69.4400,69.8900,67.6400,67.9200,2983100
2011-04-11,70.5300,70.9936,69.7400,70.2600,2030400
2011-04-08,72.2200,72.8900,70.0700,70.7000,1951400
2011-04-07,72.3200,73.4100,71.6000,71.7800,1588600
2011-04-06,74.0300,74.4900,72.1100,72.6100,1226900
2011-04-05,73.3800,74.4200,72.8600,73.5600,1111400
2011-04-04,73.0400,73.7300,72.9200,73.5200,1584300
2011-04-01,74.0200,74.5800,72.7700,72.9200,2163500
2011-03-31,74.7400,75.4600,73.4900,73.6600,2015500
2011-03-30,73.4500,75.2600,73.4500,75.1500,2455900
2011-03-29,72.5100,73.0700,71.8400,72.7600,2432100
2011-03-28,73.8800,73.8800,72.4700,72.5000,1717800
2011-03-25,73.7300,74.2100,73.3601,73.9900,1941100
2011-03-24,71.9000,73.6100,70.6100,73.5900,2236500
2011-03-23,71.3200,71.6400,69.7500,71.4300,1412800
2011-03-22,72.1100,72.6300,71.3540,71.7200,1968400
2011-03-21,70.2400,72.0900,69.7500,72.0500,2289900
2011-03-18,70.2100,70.4700,69.0500,69.3100,1929800
2011-03-17,68.5700,69.7800,68.1100,69.1100,1912800
2011-03-16,68.9700,69.1000,66.6300,67.6600,2113100
2011-03-15,68.1800,69.2399,67.0900,68.8300,2344100
2011-03-14,68.3000,69.2900,67.1800,68.9500,2922900
2011-03-11,66.0000,69.1600,65.7101,68.8500,2526900
2011-03-10,68.4700,68.5900,66.0500,66.1000,2713200
2011-03-09,69.5100,69.7720,68.3600,69.5100,1911700
2011-03-08,69.7000,70.4300,68.5500,69.8600,1261000
2011-03-07,71.5700,71.9700,68.9600,69.3900,1941800
2011-03-04,71.5000,71.7800,70.4200,71.3100,1651500
2011-03-03,70.3900,71.5500,70.0000,71.4500,1829400
2011-03-02,68.6800,70.6600,68.6800,69.5500,2426000
2011-03-01,70.5400,71.0000,68.7000,68.8900,2801700
2011-02-28,69.5200,71.0200,68.8600,70.7600,2558700
2011-02-25,69.3900,69.4600,68.3450,69.1600,1863400
2011-02-24,68.0600,70.0000,67.0600,68.7100,3343800
2011-02-23,68.0800,70.9900,63.4300,68.3900,9369800
2011-02-22,73.6400,73.9200,70.2500,70.5700,3318600
2011-02-18,75.6700,75.7600,74.1100,74.7700,1709500
2011-02-17,75.2100,75.6900,74.2400,75.6300,1491200
2011-02-16,73.8200,75.5500,73.8100,75.0700,1323700
2011-02-15,73.9700,74.2600,73.0000,73.3100,1318900
2011-02-14,73.4500,74.9000,73.4500,74.2100,1931200
2011-02-11,71.9000,73.5300,71.4200,73.5200,2307300
2011-02-10,69.3400,71.6000,69.3400,71.4100,2153400
2011-02-09,70.1300,70.6700,69.3700,70.0200,1310100
2011-02-08,70.5600,70.8690,69.7945,70.5000,1736700
2011-02-07,68.6700,71.4200,68.5700,70.5900,2466900
2011-02-04,68.8200,69.4000,68.4400,68.6900,1360700
2011-02-03,68.4700,69.3200,67.8700,68.6400,2035100
2011-02-02,69.0900,69.5300,68.6500,69.4800,2516200
2011-02-01,69.6200,70.4400,69.4100,69.4700,2343300
2011-01-31,68.9700,69.9426,68.5900,69.1900,1863800
2011-01-28,70.0300,70.6900,68.1500,68.3300,1824800
2011-01-27,72.0500,72.2700,69.3600,69.7900,2203900
2011-01-26,70.7900,72.1700,70.7600,72.0100,1982600
2011-01-25,70.3800,70.8200,69.0100,70.4400,1788600
2011-01-24,70.7700,71.6000,70.7100,71.5300,1257600
2011-01-21,70.6800,71.9000,70.5700,71.0200,2202300
2011-01-20,70.2900,70.5700,68.5200,69.9000,2849500
2011-01-19,72.3000,72.8100,69.2800,69.5900,3020600
2011-01-18,71.0100,72.5200,70.6000,72.4800,2358200
2011-01-14,69.8800,71.4000,69.6600,71.1900,2188600
2011-01-13,69.8500,71.1200,69.7400,70.1800,2829500
2011-01-12,69.4100,70.2200,68.5800,69.9200,2263300
2011-01-11,67.4700,69.2300,67.0000,68.3400,2891600
2011-01-10,65.4400,66.1450,65.1700,66.0100,2042200
2011-01-07,65.6400,66.3500,65.2500,65.9200,1831500
2011-01-06,65.1600,65.4700,64.7100,65.3500,2209600
2011-01-05,65.1600,66.0000,64.8900,65.0900,3637300
2011-01-04,66.5500,66.9100,63.7500,64.5500,4611700
2011-01-03,67.1300,68.5300,67.1300,67.7900,1846000
2010-12-31,66.2100,66.6860,65.9500,66.2600,1008400
2010-12-30,66.2600,66.4800,65.7400,66.1600,902500
2010-12-29,65.4200,66.6800,65.4200,66.2500,1131000
2010-12-28,66.6800,66.8000,65.4400,65.4600,1088200
2010-12-27,65.6000,66.9400,65.4700,66.6300,1257400
2010-12-23,65.8200,66.5000,65.5000,65.9800,1301900
2010-12-22,65.0600,67.3100,65.0300,66.0600,2583600
2010-12-21,64.2800,65.3000,64.2000,64.9100,1815100
2010-12-20,63.9400,64.2600,63.2250,64.0800,1402300
2010-12-17,63.3100,64.4400,63.0700,63.7600,1877700
2010-12-16,61.4000,63.2300,61.4000,63.1500,1750900
2010-12-15,61.4100,62.6600,61.1400,61.3100,1360400
2010-12-14,62.1000,62.6700,61.5300,61.7900,1663700
2010-12-13,62.3950,63.3900,61.7700,61.7900,2102300
2010-12-10,62.1900,62.6500,62.0700,62.2400,1705600
2010-12-09,62.2450,62.6200,61.7600,62.0300,2180900
2010-12-08,60.7600,61.6570,60.5800,61.4300,1546500
2010-12-07,62.1900,62.3300,60.8000,60.8600,2310500
2010-12-06,61.3600,61.9900,61.0400,61.6200,2684100
2010-12-03,60.3200,61.9500,60.2200,61.7700,1934000
2010-12-02,59.7200,61.0000,59.7200,60.7400,2276900
2010-12-01,58.6500,60.1600,58.6400,59.7600,2876100
2010-11-30,57.9800,57.9800,57.9800,57.9800,2110800
2010-11-29,57.0900,58.2400,56.0606,57.9800,1633800
2010-11-26,57.2900,57.7000,57.0201,57.5900,829300
2010-11-24,57.1600,58.2400,57.0500,58.0800,2321900
2010-11-23,57.1600,57.6200,56.5400,56.9200,3768500
2010-11-22,57.2800,58.4400,56.3300,58.1100,3211900
2010-11-19,57.1000,57.8700,56.2200,57.7100,3376300
2010-11-18,55.6000,57.8000,55.5405,57.0800,3938100
2010-11-17,54.2000,55.0200,53.7400,54.9500,1896400
2010-11-16,54.9300,55.0000,53.6100,54.1100,2550700
2010-11-15,55.3500,55.9200,54.8200,55.3800,2240600
2010-11-12,55.6800,56.0500,54.7750,54.9500,2671300
2010-11-11,54.9300,56.5500,54.9000,56.1600,2478700
2010-11-10,54.3600,55.6300,53.6100,55.4500,2587400
2010-11-09,55.5300,55.6600,54.4400,54.8700,2270000
2010-11-08,54.1400,56.0000,53.8500,55.7200,3904800
2010-11-05,52.1100,56.3400,52.0500,54.5300,12266300
2010-11-04,50.0800,50.8891,49.6200,49.8000,3217300
2010-11-03,49.5600,49.7100,48.7500,49.5600,1662200
2010-11-02,49.4100,49.6500,49.2000,49.4700,1599600
2010-11-01,48.2800,49.0700,48.2600,48.8200,1412200
2010-10-29,48.8100,49.7895,47.9400,48.1900,3862400
2010-10-28,49.2900,49.7500,48.7700,49.0800,1665200
2010-10-27,49.4800,49.4999,48.3600,49.1000,1884800
2010-10-26,49.3500,50.2100,49.2500,49.9200,1634000
2010-10-25,50.0000,50.5000,49.5300,49.5700,1657700
2010-10-22,50.0000,50.0200,49.2500,49.4700,1354500
2010-10-21,49.4600,50.1600,49.4200,49.9300,2839900
2010-10-20,48.9500,50.1300,48.8010,49.2000,3175300
2010-10-19,48.6000,49.5300,48.4800,48.9900,4379900
2010-10-18,49.7200,50.7200,48.1001,49.2300,8857200
2010-10-15,52.7300,52.7400,51.2900,51.8700,2154300
2010-10-14,52.6400,52.8500,51.9300,52.4800,1704100
2010-10-13,51.8200,53.3400,51.6950,52.5900,2235600
2010-10-12,51.6500,51.6500,50.5900,51.4200,2004200
2010-10-11,52.5200,52.5400,51.6800,51.9100,1671500
2010-10-08,52.3400,52.8400,51.6700,52.6600,1507300
2010-10-07,52.3800,52.5400,51.5600,52.3400,2060400
2010-10-06,51.5100,52.2280,51.2300,52.0500,1776800
2010-10-05,50.2900,52.4100,50.2150,51.7400,2945800
2010-10-04,50.2900,50.9600,49.1700,49.6600,2283000
2010-10-01,50.0000,50.8400,50.0000,50.3500,1957600
2010-09-30,50.1400,50.4000,49.3600,49.5300,1902100
2010-09-29,49.4700,50.4250,49.3700,49.5900,2140300
2010-09-28,49.1300,50.3000,48.3200,50.0600,2497400
2010-09-27,48.9200,49.2400,48.5550,48.8700,1237500
2010-09-24,48.9200,49.3400,48.8350,48.9100,2408700
2010-09-23,48.8600,49.2300,48.0000,48.1600,2314800
2010-09-22,50.2300,51.0000,49.2700,49.5600,2050500
2010-09-21,49.8000,50.8600,49.7200,50.4600,2214500
2010-09-20,48.9500,50.0500,48.8100,49.8900,2422100
2010-09-17,49.0600,49.1700,48.2500,48.6300,1641700
2010-09-16,48.8200,49.0400,48.2000,48.6800,1113600
2010-09-15,48.6000,49.0300,48.1700,48.9900,1015500
2010-09-14,49.7200,49.7200,48.6500,48.9400,1958900
2010-09-13,49.2600,50.0400,49.1300,49.7600,2742500
2010-09-10,48.2300,49.0000,48.0300,48.5900,1284300
2010-09-09,48.8000,48.8700,47.7600,48.0000,1519100
2010-09-08,47.6500,48.2160,47.6500,48.0700,1586700
2010-09-07,48.0500,48.4100,47.5400,47.6700,1798500
2010-09-03,48.1100,48.6500,47.9825,48.0800,1833700
2010-09-02,46.6000,47.5000,46.3500,47.4200,1659400
2010-09-01,45.3800,46.6400,45.3000,46.3400,2135400
2010-08-31,44.5700,44.9199,44.1600,44.6600,2054400
2010-08-30,45.4900,46.0200,44.8900,44.8900,1177100
2010-08-27,45.0600,45.7700,44.3100,45.7500,1404700
2010-08-26,45.1600,45.5200,44.3000,44.5900,1677000
2010-08-25,44.5500,45.1500,44.0400,44.9600,1656800
2010-08-24,45.4900,45.6200,44.6600,45.0400,2097900
2010-08-23,46.7900,47.5900,46.2900,46.3100,1344100
2010-08-20,46.2400,46.6200,45.3500,46.5900,2204400
2010-08-19,47.3300,47.5100,46.5700,46.7500,2216100
2010-08-18,46.8900,48.1300,46.7400,47.7600,2455400
2010-08-17,46.5600,47.7100,46.4200,47.0000,1780000
2010-08-16,45.7600,46.4000,45.4400,45.9000,1277100
2010-08-13,45.9500,46.7400,45.8900,46.0800,1048000
2010-08-12,45.6700,46.7100,45.5200,46.3000,2026400
2010-08-11,47.7000,47.7000,46.3000,46.6600,2313000
2010-08-10,48.6100,49.0400,48.2800,48.7400,1659700
2010-08-09,49.1500,49.3100,48.7100,49.2300,1136400
2010-08-06,48.2400,48.9300,47.8200,48.7500,1176500
2010-08-05,48.8800,49.2800,48.3100,48.8600,1286400
2010-08-04,49.0400,49.3600,48.3500,49.2200,2049000
2010-08-03,49.3300,49.5700,48.7100,48.9700,1400000
2010-08-02,49.2400,49.9300,48.9500,49.6100,2305900
2010-07-30,47.1400,48.5000,46.8600,48.2900,1643500
2010-07-29,48.9900,49.2000,47.5700,47.9700,2295900
2010-07-28,49.0100,49.1300,48.2500,48.5900,3004900
2010-07-27,49.1700,49.7500,48.0400,49.1000,5788100
2010-07-26,47.2400,47.9600,46.6200,47.8500,2462200
2010-07-23,46.1100,47.1000,45.5600,47.0400,1881600
2010-07-22,44.8600,46.3500,44.7500,46.0200,2608700
2010-07-21,44.8350,45.1200,43.7400,43.9600,1782400
2010-07-20,42.3000,44.4500,42.2600,44.3800,2204600
2010-07-19,43.0800,43.3500,42.3100,43.1000,1446700
2010-07-16,44.0600,44.0600,42.6700,42.7900,1940100
2010-07-15,44.7700,44.9500,43.6000,44.3900,2259600
2010-07-14,45.4400,45.5000,44.4300,44.9800,2359700
2010-07-13,45.1900,46.1300,45.0500,45.7400,2706700
2010-07-12,45.2200,45.2200,44.4200,44.6700,1640500
2010-07-09,45.2300,45.6600,44.6000,45.4100,1513700
2010-07-08,44.7300,45.3400,44.5300,45.2000,2464700
2010-07-07,42.6300,44.4300,42.6300,44.4000,2539700
2010-07-06,42.5500,43.0400,41.8000,42.5600,2527700
2010-07-02,42.4400,42.4400,41.2100,41.7600,1695000
2010-07-01,42.1700,42.4700,41.2000,41.7600,2684400
2010-06-30,42.2100,43.3400,42.0100,42.5000,2448100
2010-06-29,42.7000,43.4200,41.6800,42.2200,4266200
2010-06-28,44.5800,44.6000,43.4100,43.4600,2103800
2010-06-25,44.0600,44.9000,43.8500,44.3600,4777600
2010-06-24,44.9000,44.9000,43.4800,43.8100,1983500
2010-06-23,45.3700,45.4600,44.2000,45.0800,1409700
2010-06-22,46.2900,46.9200,45.2800,45.4200,1320000
2010-06-21,47.0600,47.7200,45.9600,46.3200,1449200
2010-06-18,46.3100,46.7600,46.1800,46.4700,1531300
2010-06-17,47.1000,47.1000,45.7000,46.1800,1769500
2010-06-16,46.6800,47.4100,46.4500,47.0300,1620900
2010-06-15,46.3700,47.3800,45.9100,47.3000,1704600
2010-06-14,46.4900,47.0400,45.7000,45.8100,1443800
2010-06-11,45.0900,45.8500,44.7800,45.6100,1500600
2010-06-10,44.7000,45.6500,44.4400,45.5900,1875600
2010-06-09,44.1450,45.3800,43.4300,43.6300,2826900
2010-06-08,42.8200,44.0500,42.6500,43.8700,3605200
2010-06-07,43.8700,44.2800,42.5500,42.6400,3027500
2010-06-04,44.2500,45.1300,43.7500,43.9900,3493900
2010-06-03,45.9300,46.2200,44.8800,46.0900,3395700
2010-06-02,44.9000,45.6600,44.3200,45.6000,2880200
2010-06-01,46.2000,46.8400,44.4800,44.5600,3321800
2010-05-28,47.7400,47.7400,46.6900,46.9200,2536400
2010-05-27,46.2100,47.8300,46.0300,47.8100,3891900
2010-05-26,45.7800,45.9900,44.1100,44.2800,3430400
2010-05-25,43.8100,45.1500,43.5200,45.1500,3532700
2010-05-24,45.5600,46.4500,45.0000,45.0100,2742600
2010-05-21,44.0100,46.6800,44.0100,45.7900,4527800
2010-05-20,45.5200,46.7500,45.2300,45.3000,4880100
2010-05-19,49.4500,49.8200,47.1400,48.2800,4673000
2010-05-18,50.9300,52.3300,49.8800,50.0900,4416300
2010-05-17,51.2700,51.6300,48.6100,50.3100,5333700
2010-05-14,52.4400,53.0000,50.6600,51.2800,3548000
2010-05-13,53.3000,53.8300,52.9100,53.1000,4715800
2010-05-12,50.7100,54.1500,50.7100,53.3900,6465700
2010-05-11,47.7200,51.3400,47.2600,50.4700,7300400
2010-05-10,48.7900,49.0800,47.8900,48.9600,4382000
2010-05-07,48.9100,48.9400,45.6000,45.9500,7912900
2010-05-06,50.4100,51.5200,45.8768,49.2500,3777400
2010-05-05,50.2300,51.1500,49.4101,50.8100,3392900
2010-05-04,52.6400,52.6400,50.6600,51.3900,3115700
2010-05-03,53.2600,53.7400,52.3300,53.6100,2827600
2010-04-30,55.2100,55.3699,52.7100,52.8400,3022900
2010-04-29,53.6000,55.4700,53.5900,55.1300,3914100
2010-04-28,52.8600,53.7400,52.6100,53.2000,2775500
2010-04-27,52.4700,53.7800,52.0800,52.2500,3698600
2010-04-26,53.1000,53.9000,52.7100,53.0100,1709100
2010-04-23,53.1100,53.4000,52.2800,53.3900,2370100
2010-04-22,52.1300,53.2000,51.5500,53.1100,1808400
2010-04-21,52.3000,52.7100,51.7800,52.6100,2166300
2010-04-20,51.2200,52.4900,51.2200,52.3600,2293600
2010-04-19,50.2600,51.0800,50.0000,50.8000,2471900
2010-04-16,50.9700,51.5300,49.6500,50.6600,3757000
2010-04-15,51.0400,51.6800,51.0000,51.3400,2905000
2010-04-14,51.4600,51.7600,51.1400,51.6900,2382500
2010-04-13,51.1500,51.1900,50.6300,51.0800,1996100
2010-04-12,51.1800,51.3700,50.4500,51.1900,2515700
2010-04-09,49.8700,51.2800,49.8100,50.7700,2735100
2010-04-08,49.0900,49.7600,48.5000,49.7400,3029900
2010-04-07,50.0000,50.2000,49.0000,49.3400,2996900
2010-04-06,49.4600,50.4900,49.1100,49.9700,3405800
2010-04-05,48.1800,49.5200,47.7500,49.5000,2946700
2010-04-01,46.8900,48.0101,46.8400,47.6000,2581300
2010-03-31,46.8800,46.9000,46.2700,46.5100,1606800
2010-03-30,47.1300,47.7300,46.8400,47.0800,2216900
2010-03-29,46.4400,47.0800,46.4200,46.9800,2280200
2010-03-26,46.3300,46.6500,45.7700,46.2600,1429200
2010-03-25,47.4000,47.4000,46.1200,46.2200,2344800
2010-03-24,45.8900,47.0300,45.5500,46.7700,3881500
2010-03-23,45.3600,45.9500,45.0600,45.8500,1503000
2010-03-22,44.8300,45.4300,44.6300,45.3600,2204500
2010-03-19,46.0300,46.2000,45.0200,45.2500,2590500
2010-03-18,46.2900,46.5000,45.6300,45.9400,1472100
2010-03-17,45.9400,46.5700,45.9400,46.2000,1803000
2010-03-16,45.7400,45.9300,45.3400,45.8500,1362700
2010-03-15,45.8500,45.8800,44.9500,45.6800,1973900
2010-03-12,46.1200,46.3200,45.7800,45.9900,1747400
2010-03-11,45.2400,45.8900,44.9500,45.8600,1961900
2010-03-10,45.3800,45.5700,45.0700,45.2800,1910500
2010-03-09,44.6600,45.4500,44.6600,45.1400,1987700
2010-03-08,44.9000,44.9400,44.2802,44.8900,2069200
2010-03-05,44.1600,44.8700,44.0400,44.6500,2776300
2010-03-04,43.3300,43.7300,43.2600,43.6600,2329600
2010-03-03,42.9400,43.5000,42.5200,43.3300,3676300
2010-03-02,42.8700,42.8700,42.8700,42.8700,3050700
2010-03-01,43.0700,43.2900,42.2100,42.8700,4447100
2010-02-26,42.7600,43.2000,41.8500,42.8000,10599100
2010-02-25,44.5000,45.1700,43.6400,45.0500,2761000
2010-02-24,45.2300,45.4000,44.7700,45.2800,1842200
2010-02-23,46.4100,46.4900,44.5100,45.0100,3541700
2010-02-22,46.7500,47.3300,46.1400,46.4000,3145900
2010-02-19,46.7000,46.8000,45.8000,45.9400,3273700
2010-02-18,45.3400,47.0200,45.3000,46.8100,2600200
2010-02-17,45.9300,45.9700,45.1300,45.5800,2600900
2010-02-16,44.7300,45.5800,44.6600,45.4900,2644900
2010-02-12,43.8100,44.2200,43.3100,44.1100,2112400
2010-02-11,43.3900,44.5300,43.0500,44.4200,2889600
2010-02-10,43.3300,43.8000,42.4400,43.5300,2786700
2010-02-09,43.0900,43.7600,42.4800,43.2800,3971200
2010-02-08,43.2500,43.8200,42.4300,42.4400,4415600
2010-02-05,44.2400,44.4900,41.7050,43.0600,5709400
2010-02-04,46.4000,46.4000,44.0000,44.3100,5884900
2010-02-03,47.3400,48.1300,46.6800,46.8000,2742500
2010-02-02,46.3900,47.6500,46.0100,47.6000,3247900
2010-02-01,45.6400,46.3200,45.2000,45.9600,1651400
2010-01-29,46.3600,47.1400,45.2100,45.3400,2522800
2010-01-28,47.5500,47.8900,45.3333,46.0500,2386400
2010-01-27,46.7400,47.2000,46.0100,47.1300,2524300
2010-01-26,46.6000,47.3800,46.4250,46.7600,1926100
2010-01-25,46.7500,47.4900,46.7500,46.8100,2015800
2010-01-22,46.5000,47.6800,46.4000,46.4100,3446300
2010-01-21,48.6800,48.6800,46.5300,46.5400,4269100
2010-01-20,49.1400,49.2500,47.6424,48.5200,3380800
2010-01-19,49.1000,49.6100,48.9200,49.5000,2056200
2010-01-15,50.0400,50.1300,49.0000,49.0900,3147300
2010-01-14,49.3300,50.5000,49.3300,50.2000,3406600
2010-01-13,49.3400,49.5800,48.4300,49.4400,3236500
2010-01-12,49.1700,49.4300,48.5000,49.1200,2950500
2010-01-11,50.0500,50.3100,49.6200,49.9800,3342500
2010-01-08,48.8700,49.8700,48.8000,49.7600,3991200
2010-01-07,47.7200,49.0800,47.3600,48.9700,5254900
2010-01-06,46.0000,47.3300,45.8600,47.1800,3951000
2010-01-05,46.0200,46.4100,45.6050,45.9800,2981200
2010-01-04,45.4600,46.0200,45.2000,46.0100,3553300
2009-12-31,45.1400,45.5400,44.8915,45.0400,1705000
2009-12-30,45.6500,45.6500,44.7800,45.2500,1984400
2009-12-29,45.5100,45.8200,45.2000,45.5800,1890100
2009-12-28,45.6300,46.0300,45.2000,45.4500,2351800
2009-12-24,45.0000,45.6400,45.0000,45.4000,1072200
2009-12-23,43.7900,45.0500,43.5800,44.8900,2875700
2009-12-22,43.9000,44.4900,43.6300,43.8400,2480100
2009-12-21,44.0400,44.1400,43.4400,43.9400,2929800
2009-12-18,43.6200,43.9300,43.1000,43.6400,3041700
2009-12-17,43.3000,43.5700,42.8000,43.0900,3307600
2009-12-16,43.8200,44.1700,43.1500,43.7900,5384400
2009-12-15,40.4900,43.7900,40.4900,43.4800,9854700
2009-12-14,40.1700,40.5850,39.9000,40.5300,3771900
2009-12-11,40.4700,40.5100,39.7700,39.8600,4932700
2009-12-10,41.1600,41.1600,40.1500,40.1900,5717700
2009-12-09,40.7800,40.9837,40.2400,40.6100,4293200
2009-12-08,41.8200,41.9500,40.7500,40.8000,5026700
2009-12-07,42.5900,43.3200,41.9500,42.1700,4594100
2009-12-04,43.0200,43.5400,41.9300,42.5700,5038600
2009-12-03,42.8800,43.4900,42.2400,42.3200,4300000
2009-12-02,43.1100,43.2000,42.5000,42.7500,3919300
2009-12-01,42.4800,42.4800,42.4800,42.4800,3658800
2009-11-30,43.2100,43.3400,42.3700,42.4800,3276000
2009-11-27,42.7400,43.5000,42.0000,43.0700,1855700
2009-11-25,44.2100,44.2100,43.6700,44.1000,3694200
2009-11-24,44.2000,44.3700,43.0600,43.1800,4155100
2009-11-23,45.1100,45.3000,43.9800,44.1800,3073200
2009-11-20,43.9100,44.4700,43.5600,44.3200,3135400
2009-11-19,44.9900,45.1900,43.4500,43.9600,3627900
2009-11-18,45.4700,45.9800,45.0900,45.3800,4086300
2009-11-17,44.8300,45.5000,44.4100,45.3700,3031600
2009-11-16,43.8800,45.4400,43.7900,45.2800,6454200
2009-11-13,43.7100,44.2100,43.1700,43.2400,5054900
2009-11-12,44.7900,45.0000,43.4100,43.6500,4351000
2009-11-11,44.9300,45.3500,44.5100,44.7200,5086200
2009-11-10,46.0400,46.3900,44.0900,44.3800,12402000
2009-11-09,46.2400,48.0800,46.1500,48.0100,3999500
2009-11-06,45.0700,46.0700,44.6900,45.4000,3114300
2009-11-05,45.3700,46.1100,45.2400,45.2500,4461900
2009-11-04,45.3000,46.7380,44.8200,44.9500,4161500
2009-11-03,43.5900,45.2400,43.5800,44.7700,3598600
2009-11-02,45.2400,45.5800,43.6600,44.4700,4505300
2009-10-30,46.6500,46.8600,44.3300,44.4200,4492200
2009-10-29,46.5600,47.4100,46.2700,46.9600,2504400
2009-10-28,47.4100,47.5700,45.7700,45.8200,3332300
2009-10-27,48.2400,48.8000,47.6400,47.7200,2230600
2009-10-26,49.8400,50.4700,48.1200,48.2400,2413900
2009-10-23,50.9100,51.2500,49.3700,49.5400,1818400
2009-10-22,50.4800,51.0000,49.4500,50.6400,2141800
2009-10-21,50.3700,51.5400,50.2300,50.4100,2474300
2009-10-20,51.7500,51.7500,50.0000,50.6000,2544700
2009-10-19,50.6400,51.7500,50.0900,51.5400,2910800
2009-10-16,50.3100,50.7400,49.9558,50.2400,3417500
2009-10-15,49.2300,51.1300,49.0000,50.9200,5230100
2009-10-14,49.4400,49.5400,48.3800,49.3900,3321500
2009-10-13,48.5500,48.6600,47.5500,48.0200,2806700
2009-10-12,49.1000,49.3000,48.4600,48.4900,2971400
2009-10-09,48.6600,49.0800,48.1200,48.7500,2563500
2009-10-08,50.1100,50.3000,48.4500,48.7100,5581700
2009-10-07,47.0600,49.2000,46.9500,48.7800,7722500
2009-10-06,48.8200,48.8500,47.5500,47.9800,6542000
2009-10-05,48.0100,48.2000,46.6800,48.0000,4841200
2009-10-02,48.2100,49.1900,47.4200,47.5900,4080000
2009-10-01,50.6100,51.1500,49.3400,49.3500,3431500
2009-09-30,51.5900,51.7447,50.0000,50.8500,3177400
2009-09-29,51.7600,51.8537,50.8000,51.0600,2223600
2009-09-28,51.0700,51.9400,50.8000,51.5000,2515800
2009-09-25,51.5900,51.8500,50.8250,50.8700,2643200
2009-09-24,53.6100,54.1500,51.5400,51.8400,3110700
2009-09-23,54.7800,54.9000,53.2900,53.3800,2293900
2009-09-22,55.4700,55.4700,54.6000,54.7200,2411300
2009-09-21,55.1900,55.3750,54.5700,55.0200,2012700
2009-09-18,56.2300,56.3900,55.4700,56.0500,1760300
2009-09-17,55.7700,56.7500,55.2700,55.9000,2918300
2009-09-16,55.2600,56.1300,54.8300,56.0300,3118500
2009-09-15,54.6600,55.3400,53.6200,55.0700,1864700
2009-09-14,53.7300,54.5700,53.0700,54.3800,1841400
2009-09-11,54.5000,54.8700,53.5000,54.2800,2091100
2009-09-10,53.3300,54.2700,53.0300,54.2300,2772600
2009-09-09,53.4400,54.2200,52.8300,53.4400,2572200
2009-09-08,53.8900,53.8900,53.2501,53.5400,1801000
2009-09-04,52.4100,53.1600,51.9600,52.9900,1849000
2009-09-03,51.2600,52.4600,50.7600,52.4600,2232600
2009-09-02,51.2000,51.7300,50.6000,50.8600,3289400
2009-09-01,52.9000,52.9000,52.9000,52.9000,2574100
2009-08-31,52.7300,52.9899,51.8700,52.9000,2351500
2009-08-28,54.5500,54.8800,53.4500,53.5800,2563400
2009-08-27,54.1100,54.3800,53.2300,54.0900,2755000
2009-08-26,54.8000,54.8600,53.2600,53.9300,2171200
2009-08-25,56.1300,56.5000,54.6700,54.9600,2280700
2009-08-24,56.3300,57.0000,55.1900,55.4800,2086000
2009-08-21,55.1000,56.1000,54.9800,55.8700,2915400
2009-08-20,53.2900,54.6800,52.9524,54.4400,2384800
2009-08-19,51.8100,53.6100,51.2800,53.2200,2123200
2009-08-18,51.9200,52.9000,51.7800,52.5400,2114600
2009-08-17,52.5700,52.7800,50.9000,51.5200,3293100
2009-08-14,56.0700,56.0700,53.5500,54.0300,2655600
2009-08-13,55.0300,56.0900,54.5500,55.9600,2358100
2009-08-12,54.3800,55.7900,54.0000,54.8300,4447200
2009-08-11,57.1700,57.3600,53.4200,53.9600,6013300
2009-08-10,58.6000,58.6000,57.1600,57.4900,2834100
2009-08-07,57.3700,58.6200,56.4400,58.2100,2333300
2009-08-06,56.0100,56.9200,55.4000,56.0000,2953400
2009-08-05,54.2100,55.8000,54.0100,55.5900,2412700
2009-08-04,53.9100,54.3800,53.2800,53.8000,1684500
2009-08-03,53.8000,55.2600,53.3000,54.0100,2858500
2009-07-31,52.3500,53.3800,52.1600,52.8000,1766600
2009-07-30,52.9700,53.3000,52.2000,52.5600,1802500
2009-07-29,53.0100,53.0100,50.6490,51.6200,2005000
2009-07-28,53.7900,53.9900,52.4300,53.6500,2733600
2009-07-27,53.4000,55.0000,52.8600,54.9700,2453600
2009-07-24,52.2200,53.8100,51.4500,53.4000,1744800
2009-07-23,51.4300,53.1400,50.8700,52.7600,2271500
2009-07-22,50.2900,51.6400,50.2900,50.8600,1657900
2009-07-21,51.7600,52.4800,50.0800,50.8400,2156000
2009-07-20,50.2800,51.4800,50.0000,51.3500,2907600
2009-07-17,49.3200,49.7500,48.8300,49.3900,1666700
2009-07-16,48.5600,49.9200,48.4300,49.6100,2517200
2009-07-15,48.0900,49.4100,48.0900,49.0900,2704300
2009-07-14,47.1900,48.0000,46.5600,47.3500,2034400
2009-07-13,47.2600,47.8100,45.7700,47.4900,2775900
2009-07-10,47.5900,47.5900,46.0000,47.0000,2876500
2009-07-09,47.0900,48.7900,46.6200,48.2900,3319000
2009-07-08,46.7100,46.9500,45.1600,46.1600,3763300
2009-07-07,48.2500,48.4297,46.2000,46.3300,2628400
2009-07-06,48.2400,48.2400,46.5100,47.5300,3040800
2009-07-02,49.7000,49.8900,47.7500,48.4400,2998500
2009-07-01,51.8200,52.6300,50.3300,50.4600,2112800
2009-06-30,52.0500,52.6191,50.6400,51.2900,1610400
2009-06-29,52.2500,52.9400,51.4800,52.1500,1675700
2009-06-26,52.4900,53.2400,51.2500,51.8300,2420900
2009-06-25,49.8100,52.5400,49.3300,52.4200,3433800
2009-06-24,49.3900,51.1800,49.2200,50.2200,3203000
2009-06-23,47.3900,49.1100,47.3200,48.8500,2548500
2009-06-22,49.5000,49.5000,47.3100,47.3600,2770000
2009-06-19,51.5900,51.5900,50.0000,50.2700,3011200
2009-06-18,51.5400,51.9400,49.7200,50.3900,2323300
2009-06-17,50.6800,51.4900,49.6000,51.0900,3518200
2009-06-16,51.6700,52.8600,51.0000,51.2000,3014700
2009-06-15,52.6700,52.9500,50.9200,51.4700,3257600
2009-06-12,53.2200,53.8500,52.8000,53.8500,2636900
2009-06-11,54.5500,54.6900,53.2900,53.8200,3425400
2009-06-10,54.9900,55.4000,53.0500,54.7600,5034800
2009-06-09,51.9900,54.4500,51.9900,53.9000,4487400
2009-06-08,51.7700,52.4300,50.4100,51.5000,4245100
2009-06-05,52.4400,53.1700,51.7200,52.9000,5783000
2009-06-04,48.8800,51.9800,48.7000,51.6700,5908000
2009-06-03,49.6900,49.6900,47.3300,48.0900,4980600
2009-06-02,51.2500,51.2500,49.3800,50.2000,4928600
2009-06-01,48.3800,51.2900,48.2200,50.5000,4933900
2009-05-29,46.2700,47.3800,46.0580,46.9800,5547900
2009-05-28,46.1000,47.0000,44.7500,45.8600,2751500
2009-05-27,45.4300,47.1700,45.0900,45.4700,3228400
2009-05-26,43.6900,45.5900,42.8500,45.5300,3231000
2009-05-22,44.0600,44.6200,43.4600,43.6100,1930800
2009-05-21,44.5500,45.0000,43.1800,43.9700,2585800
2009-05-20,45.5600,46.9500,45.0900,45.2900,3513400
2009-05-19,44.9300,45.5500,44.0200,45.0600,2636000
2009-05-18,43.9900,44.9400,43.7500,44.7700,2624200
2009-05-15,44.5500,45.2000,42.6020,43.2500,2909600
2009-05-14,43.8900,45.1800,43.3700,44.4600,3233700
2009-05-13,45.4900,45.4900,43.3200,43.3600,4785100
2009-05-12,45.3700,47.9800,44.7000,45.6600,9512500
2009-05-11,44.0000,44.3500,42.5700,43.2100,3770800
2009-05-08,41.2600,45.5920,41.2600,45.1700,6877000
2009-05-07,42.7800,43.8000,41.3300,41.7100,4885400
2009-05-06,41.5000,42.3800,40.1400,41.7700,3595300
2009-05-05,40.4700,41.4200,40.1000,41.2400,3020700
2009-05-04,37.9300,41.0100,37.9300,40.7700,3998600
2009-05-01,37.6100,38.7600,36.6200,37.7300,3886400
2009-04-30,39.3700,39.7800,37.5300,37.8700,4638400
2009-04-29,39.3200,39.4400,37.8700,38.2000,3625200
2009-04-28,38.4600,39.6400,38.0500,38.5900,2976800
2009-04-27,40.3300,41.3900,39.5400,40.0500,2447400
2009-04-24,39.3400,41.6500,39.3400,40.9600,2725700
2009-04-23,39.7300,40.0000,37.8100,39.4300,2428100
2009-04-22,38.3100,40.8000,38.0000,39.0900,3092700
2009-04-21,37.9100,38.9800,37.0200,38.5900,3368800
2009-04-20,40.4200,40.4200,38.2100,38.5900,2945600
2009-04-17,41.5400,42.2900,40.9300,41.1800,2965300
2009-04-16,39.8600,42.0000,39.3800,41.6500,4108000
2009-04-15,38.6100,39.6800,38.2000,39.5300,2519000
2009-04-14,38.4000,40.0500,38.3505,38.7200,2326800
2009-04-13,39.4600,40.3700,38.2700,39.4400,2491000
2009-04-09,39.0400,40.3200,38.6600,39.8900,3661900
2009-04-08,37.1600,38.2500,37.0100,38.0100,2611200
2009-04-07,37.8100,37.9400,36.7700,37.0100,3291400
2009-04-06,36.9200,39.0000,36.2300,38.6700,5967300
2009-04-03,37.3100,38.2100,36.9400,37.4000,4943400
2009-04-02,36.3500,38.5000,36.3500,37.4700,6670000
2009-04-01,34.2000,35.2700,33.6700,35.0100,3300900
2009-03-31,35.2300,35.4300,34.1700,34.5500,3905300
2009-03-30,35.8800,35.8800,34.0400,34.8300,3718900
2009-03-27,37.6700,38.0076,36.8800,37.2200,2911000
2009-03-26,36.8900,38.6300,36.8900,38.5200,4298200
2009-03-25,36.9600,38.1700,35.2700,36.4600,4566900
2009-03-24,37.4900,37.8860,36.7500,36.9000,3177100
2009-03-23,36.0200,38.2500,35.5000,38.1300,5370600
2009-03-20,38.0500,38.4000,36.4400,36.5500,5108300
2009-03-19,39.1200,40.0900,38.4800,38.8100,4141000
2009-03-18,38.4000,38.7500,36.6500,38.1000,5178200
2009-03-17,37.3400,38.7500,36.1200,38.7400,5122600
2009-03-16,37.6600,38.4000,36.7600,36.9000,8013600
2009-03-13,41.1000,41.3800,38.1300,39.8500,6065100
2009-03-12,37.5000,40.7700,36.5200,40.4200,7390400
2009-03-11,38.3000,38.6600,35.8600,37.1200,6233400
2009-03-10,34.5600,37.9800,34.3800,37.7000,8323600
2009-03-09,31.1600,34.9200,31.0000,33.4700,10210100
2009-03-06,31.4300,32.2192,30.5800,31.7500,6713000
2009-03-05,31.8300,32.1900,30.4800,30.9200,6290700
2009-03-04,31.6800,33.5300,31.2400,32.9600,6899400
2009-03-03,31.4600,31.7600,30.2100,30.7200,6319000
2009-03-02,32.4000,33.1852,30.3100,30.4600,6600700
2009-02-27,33.7800,34.6500,33.1200,33.2500,7155900
2009-02-26,36.5000,36.7000,34.7800,34.9000,10616000
2009-02-25,34.7600,34.7600,32.1800,32.9500,10730500
2009-02-24,35.0100,35.7400,33.1800,35.3300,6926200
2009-02-23,37.3600,37.4400,34.7800,35.0200,5364200
2009-02-20,37.2800,37.8900,35.9800,36.9800,4529900
2009-02-19,38.8700,39.9800,37.8000,37.9700,2521900
2009-02-18,39.8800,39.9900,38.0500,38.5700,3214900
2009-02-17,40.4200,41.1400,38.8900,39.2100,4299500
2009-02-13,42.3800,43.3900,41.6700,42.0200,2947000
2009-02-12,41.2300,42.5400,40.0600,42.5200,3940200
2009-02-11,41.7200,42.8000,40.9100,42.2600,4160300
2009-02-10,42.0400,43.5200,40.6900,41.2300,5419900
2009-02-09,42.0600,42.9900,41.1600,41.8600,2726900
2009-02-06,40.1100,41.6800,39.9000,41.5500,3492300
2009-02-05,38.7100,40.1000,37.8800,39.6100,4691100
2009-02-04,38.8300,40.5200,38.7500,39.1000,2969400
2009-02-03,38.4800,39.0700,37.1900,38.7000,3853000
2009-02-02,37.9100,38.8400,36.7700,38.3000,4443400
2009-01-30,41.0100,41.0900,38.4200,38.9000,5079000
2009-01-29,42.2100,42.2200,40.4300,40.7200,3237500
2009-01-28,41.9300,43.5000,41.6700,42.8500,3538900
2009-01-27,41.3800,41.7500,39.5700,40.6800,4016200
2009-01-26,41.4100,43.3900,40.0000,41.0400,4306000
2009-01-23,39.8900,43.2600,39.0000,42.0900,5044000
2009-01-22,41.6800,42.3200,39.5000,40.1400,6575900
2009-01-21,42.0000,43.7325,40.0100,43.4900,4510700
2009-01-20,43.9700,44.1500,41.0300,41.6000,4359700
2009-01-16,44.8100,45.9800,42.2000,44.6000,3683400
2009-01-15,43.0300,44.7600,40.5000,43.6800,5234700
2009-01-14,45.1200,45.1200,42.3500,43.0300,3988800
2009-01-13,44.7500,46.6900,44.0500,46.0500,3336900
2009-01-12,48.0000,48.4700,44.6000,45.1200,3185400
2009-01-09,49.7400,50.0300,47.9100,48.7000,2754200
2009-01-08,46.3800,49.3600,46.1800,49.3600,4744300
2009-01-07,48.7200,48.7200,46.3900,46.7900,4403700
2009-01-06,51.2300,51.7000,49.2100,49.6500,5726700
2009-01-05,48.3000,50.5700,47.2500,49.7900,4467000
2009-01-02,45.8800,48.2700,45.2000,47.8900,3443200
2008-12-31,44.7000,46.4300,44.2000,44.8700,3546800
2008-12-30,44.4400,44.6900,43.4300,44.1600,2829500
2008-12-29,44.1600,45.1300,43.9466,44.1800,2096200
2008-12-26,44.2600,44.3500,43.4500,44.1500,895000
2008-12-24,43.9600,44.1300,42.8600,43.9500,779100
2008-12-23,43.4600,44.8300,42.6700,43.2600,2434100
2008-12-22,45.3800,45.4300,42.0000,43.1600,3490100
2008-12-19,45.0000,47.0300,43.3500,45.2600,6322300
2008-12-18,50.3200,51.6800,47.5500,48.0500,4971500
2008-12-17,50.3900,53.3800,50.0000,50.9800,4612800
2008-12-16,49.3200,51.6200,49.0000,51.3700,3845500
2008-12-15,49.1600,49.9200,47.0100,48.0800,4195600
2008-12-12,46.8400,49.1700,45.2500,48.1900,7352100
2008-12-11,51.3000,53.4700,50.4800,50.6900,5841300
2008-12-10,50.0000,52.5000,49.4300,52.1400,4947900
2008-12-09,49.7100,53.2400,48.5000,48.7400,9120300
2008-12-08,47.9100,52.3800,47.0500,50.9600,9290600
2008-12-05,41.7100,45.0600,40.2500,45.0400,5423700
2008-12-04,43.7000,46.7500,41.2400,42.8400,5315300
2008-12-03,42.8400,45.6700,41.1080,44.6500,4809000
2008-12-02,42.9700,44.7500,42.0200,44.1500,5394200
2008-12-01,44.5000,44.5400,41.4000,41.6100,6541800
2008-11-28,44.4300,47.9600,44.2100,45.5400,3820400
2008-11-26,38.6100,46.0400,38.0000,44.6800,9262500
2008-11-25,38.7100,40.7800,37.6300,39.0700,7089600
2008-11-24,33.6400,38.3300,33.2900,37.1800,7236500
2008-11-21,30.6100,31.9800,28.6000,31.9000,6774700
2008-11-20,31.1800,32.8200,29.2700,29.5600,6225700
2008-11-19,32.8100,34.0200,31.7500,31.9100,6327600
2008-11-18,33.7700,34.3400,32.1000,33.2700,5267400
2008-11-17,35.0600,36.3100,33.7700,33.9700,4428600
2008-11-14,36.7600,38.2000,34.6200,35.7300,4467800
2008-11-13,35.2900,38.0500,32.8000,38.0200,7267000
2008-11-12,36.6000,37.1200,34.6100,34.8900,3653800
2008-11-11,38.6500,39.0000,36.2700,37.3300,5146800
2008-11-10,43.7600,43.9300,38.9400,39.7100,6690900
2008-11-07,38.8500,43.9900,38.6700,41.0300,11419400
2008-11-06,39.0000,39.0000,33.5700,34.0100,6025800
2008-11-05,41.8100,42.4500,36.3200,37.7500,6106600
2008-11-04,40.4700,43.3500,39.9400,42.5800,5224700
2008-11-03,39.9800,41.0700,36.5200,37.4300,5563200
2008-10-31,39.8600,41.1000,37.6300,39.9300,4546000
2008-10-30,38.8800,40.9000,37.5000,40.2300,3974500
2008-10-29,35.8900,39.7200,35.0000,37.1400,4485800
2008-10-28,35.3700,36.3400,31.2501,36.1800,4460500
2008-10-27,32.5800,35.5000,31.6200,33.1800,4359100
2008-10-24,31.0300,34.4900,28.9200,33.3600,5978500
2008-10-23,37.0800,37.7200,33.0480,35.0600,7598800
2008-10-22,40.4100,40.4100,35.2700,37.1500,5846500
2008-10-21,41.7600,43.7000,40.8900,41.2300,4895700
2008-10-20,41.2900,43.0000,40.0900,42.6500,4410200
2008-10-17,35.5300,41.6400,35.0900,39.9400,6446100
2008-10-16,37.1100,37.5300,32.3300,36.8000,8163500
2008-10-15,41.6200,42.0000,34.9600,35.2400,5861100
2008-10-14,47.9600,49.4300,41.6000,43.1800,5756700
2008-10-13,40.6000,45.8300,39.7800,45.3000,4623900
2008-10-10,37.2300,40.3200,33.7700,37.9400,6619200
2008-10-09,42.6200,44.3600,39.0000,39.2100,5120100
2008-10-08,40.4900,42.6500,37.6400,40.8300,6203000
2008-10-07,47.1600,47.1600,39.6900,40.6400,7860500
2008-10-06,44.2200,46.3700,40.6000,45.6200,7611500
2008-10-03,46.0800,51.6400,46.0800,46.7600,8031900
2008-10-02,51.0600,52.0000,43.2600,44.8800,6643700
2008-10-01,54.9700,56.0100,50.6600,52.2200,4586100
2008-09-30,50.4400,55.8700,50.0000,55.7000,4145600
2008-09-29,53.0400,54.0000,46.1900,48.7200,4785000
2008-09-26,54.5100,55.7900,54.2400,55.5100,4326500
2008-09-25,56.9000,57.6900,54.7200,56.7300,4477000
2008-09-24,57.5500,58.0900,55.3500,55.6900,2974100
2008-09-23,60.6700,61.4000,56.0610,56.8700,3966300
2008-09-22,64.0100,64.3700,60.1900,60.5500,3248200
2008-09-19,63.9900,66.5100,62.5400,64.1100,5372800
2008-09-18,57.8000,59.5000,54.7800,58.5300,3730200
2008-09-17,58.8100,60.2800,55.9300,56.8100,4305500
2008-09-16,55.3200,59.8200,54.2000,59.5100,5021300
2008-09-15,60.9100,61.2900,57.2300,57.9900,4217200
2008-09-12,61.9500,66.3400,60.8500,65.0100,4783100
2008-09-11,58.3200,62.3600,57.3400,62.2900,4231800
2008-09-10,57.0000,60.6800,57.0000,59.8000,5273500
2008-09-09,62.9400,62.9800,56.4300,56.6200,6346000
2008-09-08,67.0600,69.2100,61.8800,62.9200,5244500
2008-09-05,64.4400,65.7600,61.6800,65.0300,4390100
2008-09-04,70.2200,70.7400,65.0000,65.6400,3910400
2008-09-03,73.5000,74.5000,69.2500,70.1700,4123700
2008-09-02,80.7100,80.7400,73.0800,73.5100,4367800
2008-08-29,80.6800,81.7500,79.8200,80.1300,1394600
2008-08-28,81.8700,82.8700,79.8200,80.9000,2917000
2008-08-27,78.7900,81.2200,77.8100,81.2200,2883400
2008-08-26,75.8300,78.5100,75.6200,78.5100,2547800
2008-08-25,79.0800,79.5500,74.9200,75.5900,2391200
2008-08-22,79.0500,79.9900,77.2000,78.8000,2074900
2008-08-21,76.8400,79.9900,75.5200,79.4900,3514300
2008-08-20,74.7400,76.7900,72.8500,76.7700,3718000
2008-08-19,72.8000,74.1200,71.3500,74.1200,3330800
2008-08-18,71.8100,73.4000,71.7600,73.1100,4113300
2008-08-15,74.4100,74.7000,70.2800,71.3600,3954500
2008-08-14,75.2700,76.1300,73.4900,74.0200,3550300
2008-08-13,72.2100,76.4600,70.6000,75.8000,5948400
2008-08-12,80.7400,80.7400,67.1000,71.6400,14545900
2008-08-11,76.5500,77.2400,73.7900,76.1800,5895700
2008-08-08,76.0100,77.3000,73.7600,76.3200,3181200
2008-08-07,77.9400,78.6300,75.4800,76.9900,2762300
2008-08-06,75.0600,78.6200,72.6700,76.7000,3471700
2008-08-05,76.5000,77.0500,74.6400,75.0100,2979100
2008-08-04,80.9100,80.9100,75.6700,76.2500,3115400
2008-08-01,81.7700,84.7300,80.3500,80.4200,1596600
2008-07-31,87.5100,87.5100,81.1300,81.3500,3060800
2008-07-30,80.5200,87.5100,80.4000,87.3900,3434700
2008-07-29,78.8600,80.4300,78.0000,80.3700,2261800
2008-07-28,80.0100,81.5000,79.0300,79.0800,2229100
2008-07-25,78.8400,81.7300,78.8400,79.8100,2358500
2008-07-24,83.0300,83.3900,77.8700,78.6800,4066900
2008-07-23,87.3600,87.9418,82.0900,82.6000,2146900
2008-07-22,88.1500,89.6000,85.7000,87.0800,1976600
2008-07-21,84.6000,88.7300,84.6000,88.6000,2160300
2008-07-18,87.0100,87.8100,83.3700,84.2500,2647000
2008-07-17,86.2000,88.9500,85.7500,86.6800,1535200
2008-07-16,172.1400,172.1400,165.2000,171.1400,3969600
2008-07-15,175.0600,178.4600,168.8500,171.6000,1813800
2008-07-14,176.0000,179.0900,174.2900,176.8200,1264600
2008-07-11,170.2000,177.2500,170.2000,174.7400,1568800
2008-07-10,169.7300,177.4000,167.0000,175.3200,2008200
2008-07-09,169.5200,173.4800,166.1500,167.0000,1919600
2008-07-08,174.1800,175.1000,165.7405,169.4700,2697900
2008-07-07,181.7200,182.7200,170.8900,175.2700,2177500
2008-07-03,180.0100,183.5500,171.7500,179.9200,1754400
2008-07-02,192.7500,192.9000,179.4600,179.9600,1382700
2008-07-01,183.5900,191.6900,181.9600,191.4100,1774600
2008-06-30,184.2900,187.1800,182.3700,186.0800,1832000
2008-06-27,181.8800,184.8300,179.1100,184.3800,1738600
2008-06-26,185.6400,188.3600,181.9700,183.4700,1335300
2008-06-25,193.3300,194.0000,187.1800,190.0400,1391400
2008-06-24,196.9000,199.4900,190.5400,191.1700,1716200
2008-06-23,192.5000,202.7300,191.6100,197.2700,2272500
2008-06-20,190.7500,192.6300,189.3400,191.5500,1372800
2008-06-19,189.9300,192.2700,188.0000,189.8700,1042500
2008-06-18,187.7000,193.0000,186.5200,190.4900,1320200
2008-06-17,189.9300,192.8400,188.5000,189.0900,1140600
2008-06-16,186.0000,189.7300,184.0000,188.1700,1303900
2008-06-13,177.8500,186.1800,177.8500,186.1800,1865900
2008-06-12,181.9800,182.6700,175.6100,177.6700,1602600
2008-06-11,182.4800,183.4400,178.8300,179.2500,1211200
2008-06-10,184.2200,186.6000,179.4000,181.6100,1354900
2008-06-09,183.6000,189.1000,182.6600,186.7000,1318200
2008-06-06,187.0000,189.2200,181.7700,181.8300,1925300
2008-06-05,185.8300,190.5600,185.5900,189.0200,1393000
2008-06-04,184.7500,189.5600,183.9500,185.5100,1382800
2008-06-03,183.3800,187.6700,182.0100,184.4600,2065700
2008-06-02,184.5000,187.8900,183.8300,185.6000,1137700
2008-05-30,182.2500,188.7500,182.0000,186.5500,1700700
2008-05-29,186.0300,186.0300,180.4100,182.4400,1239100
2008-05-28,184.0600,185.4300,180.8000,185.2000,1818900
2008-05-27,187.2300,187.2400,182.5900,184.3600,1460600
2008-05-23,188.5300,190.0000,183.7300,186.7900,1160000
2008-05-22,189.1100,192.4300,186.7800,188.7300,1181000
2008-05-21,190.7100,194.7300,188.1300,188.8500,1413300
2008-05-20,190.0300,194.0300,188.2800,191.3500,1527400
2008-05-19,192.0000,198.0000,190.7700,192.6000,2417500
2008-05-16,193.8300,193.8300,188.9500,191.3700,3119100
2008-05-15,187.8600,192.6500,184.7700,191.6400,2262900
2008-05-14,187.1300,192.0000,184.5000,185.4700,3247000
2008-05-13,186.5000,194.4000,182.2800,191.0300,7563200
2008-05-12,165.4600,166.8600,162.0100,166.3600,1803000
2008-05-09,163.7300,165.3600,161.3900,163.9700,1485900
2008-05-08,165.0000,167.2400,161.2700,166.8100,1938200
2008-05-07,163.4300,165.0500,158.3200,160.2400,1898600
2008-05-06,156.2600,162.9900,156.2600,162.5000,1642700
2008-05-05,152.8200,158.8100,152.8200,157.9900,1701200
2008-05-02,153.6500,153.9500,150.4900,152.8200,1330800
2008-05-01,153.8600,153.8600,148.3300,150.8600,1700500
2008-04-30,157.2700,159.8099,152.1800,152.8700,1793200
2008-04-29,159.4100,159.4900,155.2100,155.8900,1221700
2008-04-28,163.0700,163.0700,158.4600,158.8400,1195800
2008-04-25,157.9800,161.6400,156.0000,161.4700,1273500
2008-04-24,159.2500,159.9700,152.5700,157.0500,1405100
2008-04-23,160.9800,162.2800,158.2900,159.5000,1025200
2008-04-22,162.7300,163.2500,158.2400,159.9700,1117600
2008-04-21,159.7400,162.7000,158.5000,161.5400,1085600
2008-04-18,158.7300,161.2500,158.0000,160.1000,2209500
2008-04-17,158.8600,159.0000,154.1709,156.4000,1414800
2008-04-16,151.7000,159.2500,151.1300,159.0000,1804600
2008-04-15,148.9800,150.6600,146.9800,149.9000,901700
2008-04-14,150.2300,150.9900,146.5000,148.3000,1041200
2008-04-11,149.9400,151.7500,148.6000,149.4600,1124500
2008-04-10,151.0000,153.6800,148.4600,152.4000,893100
2008-04-09,152.6200,153.0100,149.6700,151.1300,850500
2008-04-08,149.1900,153.4500,147.2500,152.4700,1443500
2008-04-07,154.4000,155.1900,149.8000,150.9300,1511200
2008-04-04,152.9900,154.4600,150.0600,152.8900,1450300
2008-04-03,148.0000,153.7300,147.0500,152.6600,1862100
2008-04-02,148.4000,151.1000,146.9400,148.8200,1670500
2008-04-01,143.1700,148.7800,140.0100,148.7800,2389100
2008-03-31,140.6900,141.9000,137.8100,141.1600,2163600
2008-03-28,139.1100,142.6200,137.5100,140.3500,1192600
2008-03-27,143.2300,144.2000,137.3500,138.3900,1794400
2008-03-26,140.7500,143.9600,140.0900,142.3200,1522200
2008-03-25,137.9900,143.4200,137.5000,141.7700,1674500
2008-03-24,131.9300,141.4200,131.9300,137.6600,1695800
2008-03-20,131.3100,132.0000,124.6800,131.1300,3010300
2008-03-19,139.8900,142.2400,130.9300,131.4400,3177600
2008-03-18,130.6700,138.0800,130.4900,137.8700,3137000
2008-03-17,133.0200,133.5000,121.0000,126.0800,3367700
2008-03-14,141.9500,141.9500,133.6300,136.5400,1732500
2008-03-13,136.1500,141.2500,132.6400,140.6300,2513400
2008-03-12,141.8600,143.0000,138.5000,138.7300,1462300
2008-03-11,136.9500,142.0000,135.2000,141.6600,2103900
2008-03-10,138.9100,139.0000,131.8600,132.8100,2550400
2008-03-07,142.8600,143.2600,136.5000,138.5100,1822100
2008-03-06,145.1800,146.1700,139.1201,144.3000,2702600
2008-03-05,137.7700,142.9000,136.3100,142.2500,2246600
2008-03-04,135.7800,140.0100,133.6800,136.7200,1990200
2008-03-03,139.8450,139.9300,134.7200,137.4300,1973300
2008-02-29,142.9400,145.2200,138.2600,139.2500,2437900
2008-02-28,137.9300,145.4702,135.0000,142.4800,5490500
2008-02-27,132.8300,136.6000,131.2800,132.0700,2573800
2008-02-26,133.7300,137.4600,131.0200,134.5500,2243800
2008-02-25,132.9400,137.9700,129.5700,136.6000,2423200
2008-02-22,129.0050,131.9000,127.1100,131.8400,2189400
2008-02-21,125.0300,131.4000,124.9000,128.1500,2497200
2008-02-20,122.4700,125.9600,119.7100,124.9700,1400300
2008-02-19,122.1100,124.8300,120.9100,123.6800,1738300
2008-02-15,123.7800,124.3900,118.7100,120.7800,1642800
2008-02-14,122.9918,123.1800,120.3750,121.2600,1774500
2008-02-13,117.7100,122.4000,117.2100,122.2700,2032200
2008-02-12,115.7200,120.1900,115.4500,116.9500,1951900
2008-02-11,111.6600,116.2400,110.6600,114.7900,1589100
2008-02-08,106.6900,113.9400,106.6500,111.6500,2153000
2008-02-07,110.2700,111.3100,106.3400,107.0000,3943100
2008-02-06,114.5600,117.7000,111.5600,112.4300,1938800
2008-02-05,118.8700,121.0600,112.1100,112.4000,2679600
2008-02-04,126.1700,127.4300,122.8900,123.2600,962400
2008-02-01,122.1900,126.3500,120.4500,126.1700,1493700
2008-01-31,118.2600,123.1700,114.5000,121.4900,2859700
2008-01-30,123.3900,123.8000,118.6900,119.9100,2349900
2008-01-29,122.5800,124.9700,121.1400,124.1400,1647400
2008-01-28,120.8800,122.4400,117.0000,121.8100,1459500
2008-01-25,128.2900,130.9500,118.0000,120.9500,1927600
2008-01-24,121.3100,130.2200,121.3100,124.4400,2717000
2008-01-23,116.5200,121.1200,108.1200,120.5600,3919500
2008-01-22,111.9900,120.5800,107.8200,118.2700,3182100
2008-01-18,120.0000,123.0000,114.6900,117.1100,3640000
2008-01-17,126.0800,128.0800,114.4000,115.2100,3101000
2008-01-16,131.3300,133.1300,120.3300,125.9500,4012400
2008-01-15,141.0400,142.2400,133.5000,134.3200,1757100
2008-01-14,145.2400,148.5000,139.2800,143.0700,1373700
2008-01-11,144.1300,147.2200,142.2600,143.7900,1959100
2008-01-10,134.4200,148.7500,133.3800,145.7600,2916600
2008-01-09,139.8800,141.1000,130.2700,137.5900,2974400
2008-01-08,140.9450,143.4800,137.1000,141.3000,3181200
2008-01-07,147.8700,149.8700,135.9100,138.9100,3148300
2008-01-04,149.9700,154.8300,147.2600,147.2600,1938200
2008-01-03,145.7475,154.1500,145.2000,151.5500,2197500
2008-01-02,144.9900,148.5300,143.7500,144.4000,1078900
2007-12-31,145.6000,148.4200,144.6100,145.7200,681600
2007-12-28,143.9400,147.3000,143.2200,146.2600,851200
2007-12-27,147.1400,148.1900,143.9500,144.8900,670300
2007-12-26,146.2900,148.2400,144.6200,147.3100,434900
2007-12-24,146.4500,147.4900,144.6000,146.7500,273400
2007-12-21,142.1499,145.0000,140.9300,144.8000,1597800
2007-12-20,136.9700,140.5800,136.0700,140.5000,848600
2007-12-19,138.7300,139.8300,136.2900,136.9900,1114100
2007-12-18,136.8700,138.4700,132.3000,137.5200,1737600
2007-12-17,143.1450,143.4300,134.9800,135.6400,1850000
2007-12-14,144.8900,146.2100,142.1700,144.0300,1862400
2007-12-13,149.6300,150.8700,143.9200,147.4600,1550400
2007-12-12,151.4600,152.3100,147.1500,150.6700,1885600
2007-12-11,156.9200,157.0600,146.8900,147.8400,1655300
2007-12-10,159.5100,160.0000,154.2100,156.5800,1325100
2007-12-07,156.9500,158.9800,153.5000,158.0600,1393600
2007-12-06,148.8900,156.7600,148.0400,156.3500,1655300
2007-12-05,146.1000,149.4500,144.7200,148.9400,1021600
2007-12-04,147.9400,147.9400,143.3800,144.4800,1311600
2007-12-03,146.3800,149.3000,145.5000,148.5300,908900
2007-11-30,147.3200,149.6000,146.2400,147.1700,1165900
2007-11-29,146.6900,146.6900,142.1000,144.0300,1245400
2007-11-28,137.0000,145.6700,137.0000,145.5100,1617500
2007-11-27,138.5000,139.0000,132.0200,136.2100,2013900
2007-11-26,135.4000,141.5000,134.0200,138.2800,2041900
2007-11-23,134.1700,135.5300,131.9900,135.1200,304800
2007-11-21,133.9000,135.6500,131.2101,132.3300,1652300
2007-11-20,131.9700,136.9700,130.8600,135.8100,1905400
2007-11-19,134.3000,137.5500,131.5700,131.9200,2256400
2007-11-16,134.9500,135.9300,132.1900,134.8800,1920900
2007-11-15,136.8000,138.1000,132.0800,133.9500,2116000
2007-11-14,135.4200,138.9700,133.3200,137.0700,2213800
2007-11-13,129.5400,134.3700,126.4500,134.3300,2327200
2007-11-12,141.5900,141.5900,128.0200,128.7400,3234400
2007-11-09,135.2700,143.6600,135.2700,140.4300,2386300
2007-11-08,146.5000,146.5100,138.0000,140.2400,4757300
2007-11-07,146.0000,151.2200,140.2500,145.0900,4831600
2007-11-06,149.8200,154.2600,148.0900,153.8200,1751100
2007-11-05,149.2600,150.9800,143.3400,146.7000,2123200
2007-11-02,153.0100,154.9100,146.0500,149.2600,2379100
2007-11-01,156.2000,156.5000,150.2000,152.2700,1952100
2007-10-31,162.0000,162.3900,156.4300,158.0000,2240700
2007-10-30,165.3900,166.0000,158.9300,159.5900,1333800
2007-10-29,165.9900,166.8300,163.8300,165.7500,1462200
2007-10-26,169.4800,172.1500,163.4700,164.2400,2806400
2007-10-25,162.3300,168.5400,160.4600,168.0900,2197100
2007-10-24,159.9000,161.9300,156.8000,161.3000,1343800
2007-10-23,158.4000,160.0800,156.7500,160.0000,994400
2007-10-22,153.5000,157.1200,151.5500,156.8500,1305500
2007-10-19,163.4000,164.4100,155.4000,156.0100,2467900
2007-10-18,159.5400,164.7800,159.5300,164.2300,1295300
2007-10-17,158.3200,161.1400,158.1797,161.0800,2298300
2007-10-16,163.7200,164.4000,157.0700,158.3200,2066800
2007-10-15,161.5000,164.5100,159.2500,163.5500,1952700
2007-10-12,155.9400,161.4400,155.7200,161.2800,1235200
2007-10-11,159.8000,161.5700,153.2200,155.6200,1638600
2007-10-10,157.3600,160.8500,155.8000,158.3300,1291300
2007-10-09,152.0200,156.0000,151.5000,155.7900,1138400
2007-10-08,151.5300,153.4700,150.6300,151.6800,1062200
2007-10-05,152.4800,154.0000,151.0000,151.1400,1148800
2007-10-04,148.9800,150.7600,148.0000,150.5000,797500
2007-10-03,148.3000,149.8200,147.3200,149.2500,1101200
2007-10-02,150.0200,150.7200,147.7100,148.6800,873100
2007-10-01,144.9800,150.3400,144.4400,149.4600,1539800
2007-09-28,144.9200,145.9000,143.4400,143.9800,1006300
2007-09-27,141.4500,145.4300,141.4100,144.5100,1651800
2007-09-26,143.1900,145.4600,141.4700,143.2700,886400
2007-09-25,139.7100,142.7500,138.6300,142.4100,1611600
2007-09-24,140.8800,142.0100,139.7200,141.2600,1263400
2007-09-21,141.8900,142.1900,139.4700,141.1900,1784900
2007-09-20,141.0000,142.0800,139.8400,140.8400,984600
2007-09-19,141.1800,144.1800,139.0100,141.6200,1479400
2007-09-18,135.8900,139.3300,133.3200,139.3300,1616900
2007-09-17,134.2800,135.6900,133.8800,134.3100,1604500
2007-09-14,130.6500,135.6900,130.1500,134.5500,1766100
2007-09-13,133.9900,134.8400,132.5400,134.1100,1218400
2007-09-12,132.3900,134.7900,132.2400,133.2500,1314400
2007-09-11,131.2800,132.5300,130.5300,132.4500,1184400
2007-09-10,130.7100,132.1400,129.7600,131.0000,1656000
2007-09-07,130.7000,132.6600,128.0300,130.7500,1204400
2007-09-06,132.0000,133.1100,130.6300,132.8100,1459700
2007-09-05,129.2500,131.8700,126.7700,131.3800,1758200
2007-09-04,127.5000,131.1600,127.3000,130.0100,1460700
2007-08-31,125.2000,127.7300,124.9900,127.1500,1080600
2007-08-30,122.0600,125.8400,122.0600,124.8800,1764500
2007-08-29,119.8000,124.0300,119.8000,123.3900,1500000
2007-08-28,123.7400,124.8500,119.0300,119.1600,1819700
2007-08-27,124.0000,126.0000,123.0200,125.0300,1150600
2007-08-24,121.1500,123.5900,119.8300,123.5500,832700
2007-08-23,124.2900,125.4500,119.0000,120.8500,1566200
2007-08-22,123.5700,124.4400,121.5000,122.9600,1411400
2007-08-21,117.2700,122.8400,116.8000,121.7100,2108400
2007-08-20,115.3200,119.0000,112.5400,117.2700,1313500
2007-08-17,120.6300,120.6300,110.9000,114.9100,2378700
2007-08-16,115.6000,117.5100,104.3000,113.4400,4587000
2007-08-15,124.7400,125.4200,116.3000,117.0700,2927200
2007-08-14,125.7800,126.9500,123.1500,124.2400,2078000
2007-08-13,122.0200,128.0000,121.4000,123.5700,2400500
2007-08-10,118.0200,123.0000,115.4300,121.0000,2176900
2007-08-09,118.0000,121.4400,115.6200,120.3200,1888100
2007-08-08,122.0000,123.0000,115.5900,119.6000,2440100
2007-08-07,116.0500,118.9000,114.4200,116.8300,1950600
2007-08-06,120.2500,120.4000,113.0000,116.5500,1809000
2007-08-03,120.4800,122.8000,117.4900,117.8000,1029500
2007-08-02,114.9200,121.7500,114.9200,120.7900,2249100
2007-08-01,114.4800,116.4100,111.5100,114.8200,1451100
2007-07-31,118.4600,119.3000,115.4000,115.5100,1015200
2007-07-30,113.4600,117.0600,112.0100,116.5600,845400
2007-07-27,115.0000,116.2300,112.9300,113.2600,1085100
2007-07-26,115.6500,116.8900,112.5800,115.2100,2145900
2007-07-25,119.4300,120.5500,114.1700,117.0700,1816000
2007-07-24,120.0000,122.5100,118.0200,118.3800,1024700
2007-07-23,121.3700,122.6700,121.0000,121.2700,622100
2007-07-20,120.8600,121.1700,118.5000,120.5100,852700
2007-07-19,118.8400,121.3700,118.5300,121.0100,625300
2007-07-18,119.2300,119.3300,116.7400,118.8700,885000
2007-07-17,119.7400,121.5000,118.7300,119.7300,697000
2007-07-16,120.3700,121.6800,119.0000,119.7400,779000
2007-07-13,119.8500,121.8200,119.0000,120.4500,977200
2007-07-12,112.0000,119.0400,112.0000,119.0400,944700
2007-07-11,115.0000,115.5000,113.8200,115.0500,719900
2007-07-10,116.4200,116.9100,114.7800,114.7800,955600
2007-07-09,115.0300,117.2300,114.9000,116.7000,896500
2007-07-06,113.7300,115.2600,113.5900,115.0200,486500
2007-07-05,114.2100,114.2100,112.2100,113.7300,632000
2007-07-03,113.7500,114.3200,112.4900,114.2000,539400
2007-07-02,112.0000,113.7100,111.0900,113.3000,1064300
2007-06-29,108.2500,112.7300,108.2000,111.3700,2169300
2007-06-28,104.1300,105.8700,104.0000,105.4800,1438500
2007-06-27,101.1200,104.3000,98.9900,104.1200,2129300
2007-06-26,104.0000,104.1900,102.2100,102.6500,1358700
2007-06-25,104.5000,106.9000,101.8300,103.0800,1946800
2007-06-22,106.8400,107.7200,105.1000,105.7100,832500
2007-06-21,106.4000,108.0900,105.0200,107.8000,646600
2007-06-20,108.2100,109.3400,106.0200,106.2100,837600
2007-06-19,108.8000,109.4000,107.6680,108.4500,584600
2007-06-18,109.7000,109.7200,108.4400,108.9800,639100
2007-06-15,109.5600,109.9200,108.5700,109.6700,1087400
2007-06-14,106.6000,108.9500,106.6000,108.1200,1109900
2007-06-13,103.6000,106.2000,103.2000,106.1800,1050800
2007-06-12,103.3900,103.8600,101.9400,102.6500,812700
2007-06-11,102.3700,104.9800,102.3300,104.0000,837300
2007-06-08,100.0000,102.5500,99.0600,102.3200,703100
2007-06-07,103.6000,104.7700,100.3100,100.3100,883300
2007-06-06,104.8280,105.0200,103.3300,104.3200,975100
2007-06-05,105.4300,110.8600,104.3800,104.8900,871600
2007-06-04,106.6000,106.6000,104.1700,105.4300,616400
2007-06-01,105.4800,105.6900,104.1300,104.9200,848300
2007-05-31,104.3400,105.7300,103.5900,104.1000,1298600
2007-05-30,100.5000,104.1300,100.3100,104.0000,1349300
2007-05-29,102.0100,103.4500,101.5900,101.8600,1117000
2007-05-25,101.1100,101.6000,100.5900,100.9200,812900
2007-05-24,102.6800,103.6800,100.4200,100.5900,1486200
2007-05-23,102.5500,103.9000,102.3500,102.5300,1287400
2007-05-22,101.2500,102.3400,101.2500,101.7000,1452900
2007-05-21,100.6100,101.2094,100.1600,100.4900,1665800
2007-05-18,99.8400,100.3400,99.3100,100.0000,1112300
2007-05-17,99.9600,100.2900,99.3000,99.8900,1111700
2007-05-16,101.5500,102.0800,99.6900,100.0000,1592000
2007-05-15,102.1500,102.8000,101.2000,101.3100,936800
2007-05-14,104.4700,104.5000,102.0500,102.3100,767600
2007-05-11,103.9000,104.8900,103.2000,104.4200,977500
2007-05-10,102.2700,104.8700,101.4000,102.5000,1430000
2007-05-09,101.6500,103.7300,101.2500,102.7800,1563000
2007-05-08,99.0000,100.9100,95.1000,100.4200,2877200
2007-05-07,99.0000,100.4600,98.5780,98.7500,1368700
2007-05-04,96.9700,98.7500,96.7600,98.7500,743500
2007-05-03,97.2000,97.4900,96.4400,96.8400,1058100
2007-05-02,96.0101,97.4600,95.9500,97.1100,635000
2007-05-01,95.4300,96.3700,95.1900,96.0200,618400
2007-04-30,97.9900,97.9900,95.5400,95.6200,798400
2007-04-27,98.4800,98.7200,96.9900,97.8900,625700
2007-04-26,97.8000,99.3400,97.7700,98.5800,605000
2007-04-25,96.4401,98.1000,95.6600,97.6600,653800
2007-04-24,97.1300,97.4900,95.5800,96.0200,516600
2007-04-23,96.1100,97.0800,95.9700,96.7400,491500
2007-04-20,95.6700,96.3100,95.0500,95.9100,696200
2007-04-19,97.7900,97.7900,94.2600,94.6700,380800
2007-04-18,95.7000,95.8200,94.7500,95.0400,788300
2007-04-17,94.1500,96.1000,94.0600,95.8400,1345900
2007-04-16,94.4500,94.8500,93.8800,94.1500,766700
2007-04-13,93.3000,94.3800,93.0600,94.3700,1080000
2007-04-12,92.6500,93.4900,91.6700,93.4500,538400
2007-04-11,92.7000,92.9400,92.0000,92.5500,740600
2007-04-10,91.7000,93.1100,91.5700,92.3500,516700
2007-04-09,91.6200,91.8800,91.0100,91.7200,352400
2007-04-05,91.6500,91.9100,90.9700,91.7200,502200
2007-04-04,91.7700,92.0500,90.9300,91.8600,485600
2007-04-03,90.4000,91.9300,89.7800,91.7700,909900
2007-04-02,90.1900,90.9600,89.7800,90.0500,982400
2007-03-30,90.0200,90.9500,89.1400,89.7200,763100
2007-03-29,90.2610,90.5100,89.1300,89.8800,488900
2007-03-28,91.1600,91.3600,88.3000,89.7800,1510300
2007-03-27,92.0500,92.2600,91.3600,91.8000,485800
2007-03-26,92.6500,93.4800,91.6200,92.5000,667200
2007-03-23,93.3500,93.6900,92.1700,92.4300,723100
2007-03-22,93.5436,95.0000,92.9700,93.5500,799300
2007-03-21,90.7500,93.3500,90.6000,92.9800,944200
2007-03-20,90.6200,91.1800,89.6700,90.9200,774200
2007-03-19,89.0000,91.1200,88.9800,90.6200,952000
2007-03-16,88.2400,89.4300,87.8900,88.0700,1419600
2007-03-15,87.8500,88.8400,87.0100,87.7200,1207000
2007-03-14,88.7200,89.0300,86.8600,87.7700,1293600
2007-03-13,89.2600,90.6040,88.2500,88.4500,1074400
2007-03-12,90.0800,90.8900,89.8800,90.2200,620600
2007-03-09,90.3500,91.4000,89.8000,90.1800,510600
2007-03-08,90.0000,91.2500,89.6100,90.1500,1261800
2007-03-07,88.7500,90.2500,88.4300,89.6000,1210100
2007-03-06,87.3925,89.5700,86.5600,89.4100,1366900
2007-03-05,87.5000,89.0500,86.2000,86.2000,1466300
2007-03-02,86.1700,90.1000,85.2800,85.7000,2935700
2007-03-01,82.5900,86.5800,81.4600,85.6400,2012200
2007-02-28,83.5600,84.9900,83.0600,84.4100,1252800
2007-02-27,87.0000,87.0000,83.9000,83.9000,1296800
2007-02-26,86.5000,87.8100,86.1100,87.7200,956300
2007-02-23,88.1000,88.2900,86.8100,87.8800,579500
2007-02-22,87.9000,88.1800,87.2900,88.0500,447200
2007-02-21,87.8900,87.9200,86.6200,87.5800,622100
2007-02-20,86.9800,87.9000,86.4400,87.6500,640200
2007-02-16,86.1000,86.3800,85.0800,85.6600,692800
2007-02-15,85.7500,86.5000,85.7200,86.4300,623500
2007-02-14,84.5500,85.4300,84.0600,85.4300,1030200
2007-02-13,85.7000,85.9400,84.2900,84.7600,1123800
2007-02-12,86.5000,86.6000,85.5400,85.9400,326500
2007-02-09,87.0000,87.1300,85.3100,85.9500,896400
2007-02-08,85.7800,87.3000,85.6400,86.9900,1675900
2007-02-07,86.4000,86.6700,85.2200,85.5100,444900
2007-02-06,85.5800,86.9800,85.5700,85.9800,950900
2007-02-05,86.0000,86.5700,85.1600,85.3700,867800
2007-02-02,84.9500,86.9200,84.9500,86.1700,1155600
2007-02-01,83.0000,90.0000,83.0000,85.9000,2370900
2007-01-31,81.6000,82.8100,81.1100,82.6000,918300
2007-01-30,81.3400,81.9300,81.0100,81.9300,628800
2007-01-29,81.4000,81.5500,80.7100,81.0000,858100
2007-01-26,81.0600,81.3300,80.1200,80.7500,547900
2007-01-25,81.7000,82.1800,80.7000,81.1100,1267600
2007-01-24,81.0500,81.2800,79.8360,80.9400,851300
2007-01-23,78.4000,81.7500,78.0400,81.2000,1734700
2007-01-22,78.3500,78.7000,77.2600,77.4100,653100
2007-01-19,77.4100,78.7500,77.0200,78.3200,611500
2007-01-18,78.3500,78.7400,77.2700,77.4300,658400
2007-01-17,77.2900,78.5500,77.0600,77.8600,613200
2007-01-16,76.3900,77.4200,76.3500,77.1900,601700
2007-01-12,77.0000,77.1500,76.1900,76.4600,739400
2007-01-11,76.5200,77.5300,76.0900,77.1000,834700
2007-01-10,75.4500,76.9900,75.2200,76.6400,1318500
2007-01-09,77.2500,77.4500,75.4400,75.9200,1702600
2007-01-08,78.1200,78.5800,76.8800,77.5000,1430100
2007-01-05,80.0000,80.0000,78.1401,78.3700,1015600
2007-01-04,80.3000,80.3200,78.8600,80.0500,854100
2007-01-03,81.8600,82.4100,79.9300,80.7300,699100
2006-12-29,81.7600,82.3247,80.8800,81.6500,519600
2006-12-28,82.0000,82.1900,81.5700,82.0100,581300
2006-12-27,82.1100,82.4700,81.8700,82.1500,487700
2006-12-26,81.9000,82.2600,81.4800,81.8600,269100
2006-12-22,82.8000,82.8900,81.3800,81.7600,408700
2006-12-21,83.7001,84.1800,82.5600,83.1800,513500
2006-12-20,82.5700,84.3400,82.3000,83.5800,637000
2006-12-19,82.5400,83.4100,82.2100,83.1400,1077400
2006-12-18,84.0400,84.4400,82.7200,82.9400,748100
2006-12-15,84.5700,84.9200,83.6600,84.1700,1130200
2006-12-14,84.5200,85.6600,84.3400,84.7600,454300
2006-12-13,85.5000,85.7500,84.5000,84.6100,453900
2006-12-12,84.2700,85.6300,84.2100,84.8900,566700
2006-12-11,85.6500,85.8600,84.0900,84.6700,914500
2006-12-08,87.5100,87.5100,86.1000,86.4500,504500
2006-12-07,87.0000,87.9300,86.8500,86.9900,542800
2006-12-06,86.8700,87.6200,85.9100,86.9300,932500
2006-12-05,87.1600,87.2407,86.4500,86.7800,1031200
2006-12-04,86.7000,87.4800,86.3200,87.1600,470000
2006-12-01,87.0000,88.0100,85.2400,86.3000,1015500
2006-11-30,85.4900,87.6800,84.7900,87.0800,1366400
2006-11-29,84.0000,85.8500,83.5000,85.3200,948500
2006-11-28,82.5100,83.1000,81.8800,82.3800,792800
2006-11-27,82.0700,84.2965,82.0700,83.2500,787800
2006-11-24,84.1000,85.0000,83.9400,84.5100,297000
2006-11-22,84.7400,84.7400,83.9700,84.3400,955200
2006-11-21,84.2500,84.7700,83.6000,84.4500,603700
2006-11-20,84.5000,84.5800,83.6700,84.0000,979400
2006-11-17,83.9200,84.7100,83.7100,83.8900,915600
2006-11-16,84.0100,84.4400,83.7200,84.2000,1372400
2006-11-15,83.3300,84.3100,83.1420,83.9500,943900
2006-11-14,82.9100,83.3100,81.8200,83.0300,594500
2006-11-13,82.9700,83.5000,82.1200,82.4600,824100
2006-11-10,83.7400,83.9000,82.4000,83.3400,1141000
2006-11-09,83.1000,84.0500,82.2000,83.3900,1037000
2006-11-08,80.5100,83.0100,80.5100,82.5600,1274600
2006-11-07,79.0500,82.7800,77.4000,81.1900,1857200
2006-11-06,79.2500,79.2800,77.4000,77.9400,1188800
2006-11-03,79.6700,79.7100,78.4900,78.8500,751100
2006-11-02,78.1700,79.0200,77.8000,78.7600,629000
2006-11-01,79.0400,79.9900,78.5600,78.6800,675300
2006-10-31,79.3700,79.5300,77.7000,78.4300,1350800
2006-10-30,78.5000,79.7500,78.4500,79.4000,886800
2006-10-27,78.9500,79.4600,78.2600,78.6700,1204700
2006-10-26,80.2000,81.0000,78.8000,79.5400,1867300
2006-10-25,77.0200,80.2900,76.7500,80.2600,3441100
2006-10-24,80.5700,82.4100,80.4400,82.4100,558000
2006-10-23,80.7200,81.4800,79.8000,81.2500,645300
2006-10-20,80.3400,81.5500,80.3200,81.1200,998900
2006-10-19,80.7000,81.6900,80.3000,81.2000,837300
2006-10-18,81.4000,82.2900,81.0356,81.3000,1468700
2006-10-17,81.1500,81.1700,79.9000,80.8900,943000
2006-10-16,79.6200,82.1500,79.6000,81.7300,1327500
2006-10-13,80.2500,80.2500,78.9400,79.6200,508900
2006-10-12,79.5000,80.0200,79.1600,80.0000,515000
2006-10-11,79.6700,80.0000,78.1500,78.8700,630100
2006-10-10,79.3000,79.8400,78.5200,79.6700,853600
2006-10-09,78.6900,79.9800,78.6900,79.3200,870100
2006-10-06,78.4500,78.8800,77.3000,78.8000,833100
2006-10-05,77.9000,78.7700,77.2500,78.5300,960000
2006-10-04,74.8500,77.4400,74.6800,77.1800,1520500
2006-10-03,75.7500,75.7500,74.0400,74.4000,791000
2006-10-02,76.6900,77.2800,75.7800,75.9500,524900
2006-09-29,77.9600,78.3300,76.6100,76.8900,602000
2006-09-28,78.2200,78.6200,77.5400,78.1400,591600
2006-09-27,77.6500,78.7745,77.1300,78.4700,882400
2006-09-26,76.7500,78.0900,76.1500,77.8400,880500
2006-09-25,74.9900,76.3800,73.5100,76.0700,1076700
2006-09-22,75.5000,75.9000,74.8500,75.1400,864200
2006-09-21,78.0000,78.0600,75.5500,75.8200,1302000
2006-09-20,78.0000,78.4000,75.8700,76.6700,743600
2006-09-19,78.9780,79.2700,77.0300,77.6100,1025400
2006-09-18,77.6600,79.6600,77.4000,78.5400,1154100
2006-09-15,78.8000,78.9000,75.0100,77.9100,2144700
2006-09-14,80.5000,80.8100,78.8100,78.9900,953700
2006-09-13,80.3100,82.5200,80.3000,81.0800,972000
2006-09-12,81.3500,81.3600,79.3000,79.9600,1109100
2006-09-11,81.4300,81.8700,80.0000,81.2300,1058500
2006-09-08,82.9100,83.5300,81.4000,81.7400,953700
2006-09-07,83.3400,84.8764,82.1000,82.9100,997500
2006-09-06,86.2400,86.2400,83.4400,83.6700,1086300
2006-09-05,85.7300,87.8610,85.6800,86.5300,1022900
2006-09-01,87.5000,88.4000,85.4000,85.7000,530200
2006-08-31,85.2500,86.8900,84.5000,86.4200,914600
2006-08-30,85.5000,85.6000,84.2400,84.5600,502900
2006-08-29,84.9500,85.3100,83.3000,85.1200,751700
2006-08-28,85.0200,85.7700,84.7300,85.1100,392300
2006-08-25,84.5000,85.7200,83.8000,84.7600,506500
2006-08-24,85.2000,85.9000,83.4400,84.6200,712100
2006-08-23,86.2000,87.0000,84.6100,85.0600,452900
2006-08-22,86.0500,86.8500,85.3200,86.3900,534200
2006-08-21,87.7900,87.7900,85.6600,86.4300,558100
2006-08-18,87.4700,88.8000,86.0100,88.3700,538600
2006-08-17,88.7700,89.2100,86.7700,87.1200,878600
2006-08-16,86.9900,89.5300,86.4300,89.1100,1630200
2006-08-15,84.5000,86.8800,83.4000,86.7200,1287700
2006-08-14,85.7500,85.8100,82.6200,83.0500,1248800
2006-08-11,85.0000,86.8500,84.7000,85.1700,606500
2006-08-10,85.0000,87.4100,84.5000,87.2100,1081800
2006-08-09,87.4000,87.6499,84.5100,85.0000,1498400
2006-08-08,86.6000,89.5900,84.7500,86.9100,2402000
2006-08-07,90.4500,91.2900,88.8500,89.9700,983100
2006-08-04,90.0000,91.6000,88.7700,90.4500,828400
2006-08-03,86.6500,90.2000,86.3000,89.6000,693800
2006-08-02,86.5900,88.3500,86.5800,87.5800,603800
2006-08-01,87.7000,87.8000,85.4600,86.3400,695900
2006-07-31,86.9200,87.8700,85.3600,87.8300,883900
2006-07-28,87.8300,88.7000,87.0000,87.4900,595400
2006-07-27,87.1000,88.8500,86.0500,87.1700,815600
2006-07-26,87.0600,87.3000,84.3700,86.1200,1069200
2006-07-25,85.6300,87.3400,85.2600,87.1900,1698700
2006-07-24,82.6000,85.6500,82.5000,85.0000,1443000
2006-07-21,87.5500,87.6600,82.2500,82.5800,1734600
2006-07-20,89.8000,90.1000,86.9000,86.9300,714900
2006-07-19,87.9500,89.6200,87.4000,89.5200,704000
2006-07-18,88.4500,88.8600,85.8700,87.4900,638500
2006-07-17,87.9500,89.2900,87.4500,88.2700,877500
2006-07-14,89.7500,90.1300,86.2900,87.1500,1333700
2006-07-13,90.0000,90.8200,89.4000,89.7200,831600
2006-07-12,91.6500,91.6600,90.1500,90.4100,777100
2006-07-11,90.9500,91.6100,90.3200,91.2300,652800
2006-07-10,91.2500,91.8000,90.4000,90.6700,593700
2006-07-07,93.0000,93.0000,90.8975,91.1400,693400
2006-07-06,94.2600,94.6000,92.7700,93.0700,804200
2006-07-05,94.2000,94.9500,93.9400,94.2800,1125200
2006-07-03,93.2300,94.7100,92.8700,94.6800,412800
2006-06-30,92.2500,93.5600,91.7700,92.9300,799000
2006-06-29,88.7500,91.7400,88.3300,91.6000,1052400
2006-06-28,88.3000,88.5400,86.6100,87.6300,342100
2006-06-27,89.5000,90.8800,88.0400,88.1500,655600
2006-06-26,89.0000,89.4000,88.2000,89.2600,347100
2006-06-23,87.5000,88.9100,86.6800,88.0800,464800
2006-06-22,86.8600,88.9100,86.2701,87.9400,921200
2006-06-21,86.1400,88.1800,85.7100,86.8600,928100
2006-06-20,86.3500,88.0000,86.0400,86.2000,485400
2006-06-19,88.5000,89.6000,86.1300,86.6600,605200
2006-06-16,88.3000,89.1400,87.6400,88.0100,790500
2006-06-15,85.2500,89.6900,85.0000,89.3300,1214500
2006-06-14,82.3100,84.7500,82.3100,84.5500,1070000
2006-06-13,83.1500,85.0700,82.1300,82.3000,1370600
2006-06-12,86.8600,87.1900,83.7000,83.7600,882400
2006-06-09,88.7000,89.2800,86.6500,87.3800,886300
2006-06-08,85.1500,89.1400,82.9300,88.5800,2233800
2006-06-07,88.2400,89.2700,85.3400,85.3400,695400
2006-06-06,88.1500,89.5500,87.1100,88.3300,1156400
2006-06-05,91.0900,91.1400,88.5000,88.5500,799800
2006-06-02,90.2000,91.7000,89.6600,91.3400,1168000
2006-06-01,87.6600,89.2500,87.0700,89.0700,793200
2006-05-31,88.0000,88.7500,86.8200,87.6600,744400
2006-05-30,90.3900,90.4900,87.9000,87.9200,692100
2006-05-26,89.6500,91.1300,89.3500,90.4400,645700
2006-05-25,88.4000,88.9800,87.0900,88.7100,736400
2006-05-24,88.9500,91.7900,85.2500,87.2100,1673800
2006-05-23,86.9500,92.9300,86.9500,89.5100,2053400
2006-05-22,87.0900,88.1900,85.1500,86.9000,1096400
2006-05-19,88.0000,88.8400,86.5000,88.0500,1237100
2006-05-18,89.9900,90.8000,88.0400,88.0900,1069500
2006-05-17,92.0500,92.6300,88.7600,89.3900,1437000
2006-05-16,94.2000,94.2700,91.5100,92.7500,1190100
2006-05-15,95.0000,95.5000,92.7100,93.8900,1255700
2006-05-12,97.2000,97.3100,95.4700,96.0000,1040200
2006-05-11,99.0000,99.9900,97.4300,97.7700,951700
2006-05-10,99.5000,100.2500,96.8000,98.9000,2674100
2006-05-09,97.2400,103.8500,97.2000,101.9500,4328200
2006-05-08,94.0000,94.1900,91.8400,93.7500,1473600
2006-05-05,94.2000,94.2500,92.4000,93.4000,1334500
2006-05-04,94.0000,94.5000,93.1500,93.5400,955900
2006-05-03,95.5000,96.3000,92.6600,93.4000,911000
2006-05-02,94.3800,94.6500,93.5800,94.6500,647900
2006-05-01,94.6000,96.2500,93.8800,94.6300,1014400
2006-04-28,93.7500,94.6400,92.6300,92.9100,803800
2006-04-27,93.1500,96.5900,92.5000,93.8300,1351400
2006-04-26,93.5000,95.2500,93.4901,94.5000,1281900
2006-04-25,93.0800,94.4000,92.4500,93.5900,1804800
2006-04-24,92.0100,92.7400,90.6501,92.5300,1122000
2006-04-21,90.0000,92.9199,89.2000,92.5600,1107500
2006-04-20,91.3000,91.8500,89.4400,89.8000,561300
2006-04-19,88.3100,90.9600,88.2500,90.6800,1252200
2006-04-18,86.9000,89.3000,85.3900,88.8800,702200
2006-04-17,85.8200,86.5900,85.6100,86.3700,293300
2006-04-13,85.6500,86.2800,84.9500,85.5900,295000
2006-04-12,85.2500,85.8220,84.9700,85.6000,412200
2006-04-11,87.2500,87.4000,84.6700,84.9200,628700
2006-04-10,88.6000,88.6000,86.5400,87.0900,588700
2006-04-07,89.5400,89.9800,87.1100,88.9600,1009200
2006-04-06,88.0100,89.7200,87.4100,89.6600,1094200
2006-04-05,87.1500,88.3800,87.1500,88.0200,761700
2006-04-04,85.8500,87.1500,85.4300,86.9700,536500
2006-04-03,86.0000,86.9700,85.6400,85.8500,744000
2006-03-31,86.3400,86.6000,84.9100,85.8000,626400
2006-03-30,87.5900,87.9600,86.1400,86.6900,729400
2006-03-29,85.6000,87.8500,85.5500,87.5900,1030600
2006-03-28,85.2700,86.0100,84.7300,86.0100,723400
2006-03-27,84.5700,85.4800,84.1200,85.2700,619100
2006-03-24,83.6700,85.1300,83.6700,84.6800,554000
2006-03-23,83.6600,84.6400,83.3100,83.6700,494000
2006-03-22,82.6000,84.5800,82.5500,83.7100,933800
2006-03-21,83.1900,83.6300,82.7700,82.9900,1239000
2006-03-20,84.3800,85.1400,83.4900,83.8900,757500
2006-03-17,85.5800,85.5800,84.2900,84.2900,1002500
2006-03-16,84.0700,85.2600,83.5400,85.0600,1064700
2006-03-15,83.6900,84.3000,82.7700,84.2600,1064000
2006-03-14,83.7200,84.5000,82.2300,83.6200,1612600
2006-03-13,83.2000,83.9600,81.9510,83.4700,2029200
2006-03-10,78.5500,82.2700,77.6501,81.7300,2921100
2006-03-09,77.5600,79.3400,77.3900,79.0000,2405800
2006-03-08,77.0000,78.1300,75.4500,77.5000,1863600
2006-03-07,81.2000,81.3800,74.9900,76.7500,4283300
2006-03-06,85.0000,85.0100,82.0500,82.1700,1401400
2006-03-03,83.0000,84.3400,82.5201,83.5000,1614700
2006-03-02,83.9000,84.5000,80.0200,81.8000,4010800
2006-03-01,86.3200,88.1000,86.0200,87.8100,610200
2006-02-28,87.5000,87.8000,86.3000,86.3000,849000
2006-02-27,87.4100,88.5000,86.5300,88.0800,814800
2006-02-24,85.6600,87.1100,85.4200,86.8100,501500
2006-02-23,85.4000,86.4000,84.7200,85.6600,614700
2006-02-22,83.7000,86.1400,83.5000,85.6400,896900
2006-02-21,82.7700,84.0100,82.7000,83.7000,776400
2006-02-17,81.4000,82.5800,81.0000,82.2100,702800
2006-02-16,81.2200,81.3800,80.2100,81.3800,1044700
2006-02-15,81.4100,82.0000,80.0900,80.8300,1090300
2006-02-14,81.0500,81.7400,80.3200,81.4500,1478000
2006-02-13,81.4800,82.2300,80.8800,81.1200,675000
2006-02-10,83.4000,83.4800,80.8000,81.4100,2114100
2006-02-09,84.2700,84.6700,83.7500,84.0000,1164400
2006-02-08,86.1100,86.1100,83.5010,84.6400,1289900
2006-02-07,87.5500,87.5500,85.7900,86.2000,839600
2006-02-06,88.1600,88.9600,86.6000,87.5500,754600
2006-02-03,87.4900,88.2000,87.1600,88.0600,1259700
2006-02-02,87.8500,88.0300,86.9500,87.2400,839900
2006-02-01,88.2700,88.3300,87.1500,87.6000,1207400
2006-01-31,87.4000,88.3200,87.1300,87.9500,1357900
2006-01-30,87.8000,87.9800,87.5100,87.7000,750100
2006-01-27,87.2000,87.9200,86.9100,87.5000,1118400
2006-01-26,87.0000,87.3400,86.4700,86.9000,1123000
2006-01-25,86.1600,87.1500,85.8500,86.4800,1138800
2006-01-24,83.1500,86.8500,83.0900,86.3000,2631700
2006-01-23,82.2000,82.7200,81.5100,82.3600,1403500
2006-01-20,81.5600,82.4600,81.1400,81.9700,1115500
2006-01-19,82.0500,82.2050,81.3700,81.7500,632800
2006-01-18,81.5400,82.3800,81.0300,82.2200,577000
2006-01-17,82.5000,82.5000,81.0200,81.6000,456700
2006-01-13,81.7000,82.2100,81.2999,82.0000,1294700
2006-01-12,81.2400,81.3300,80.0500,80.3600,515700
2006-01-11,80.9900,81.8200,80.7300,81.2500,949900
2006-01-10,79.0300,80.9700,78.8000,80.7300,906000
2006-01-09,78.6000,79.6000,78.5600,79.2000,438100
2006-01-06,78.4000,79.0500,77.3101,78.7000,377900
2006-01-05,77.8600,78.3900,77.4100,77.6400,347600
2006-01-04,78.8000,79.0600,77.4900,77.8600,789300
2006-01-03,78.1000,78.9200,76.3700,78.9200,626100
2005-12-30,77.3800,77.5000,76.7900,77.2600,298400
2005-12-29,78.2500,78.6500,77.6000,78.0000,267200
2005-12-28,77.4300,78.3500,77.4300,77.9200,246200
2005-12-27,78.4000,79.1000,77.1200,77.3400,392000
2005-12-23,77.5500,78.2500,77.5500,78.1500,296400
2005-12-22,77.5000,77.8000,77.2500,77.6400,295900
2005-12-21,77.2500,77.7500,76.7700,77.0000,421000
2005-12-20,75.6500,77.3700,74.7200,76.6600,748200
2005-12-19,76.5000,76.6100,75.2500,75.3800,474900
2005-12-16,76.5500,77.0500,76.1800,76.5000,533300
2005-12-15,75.8600,76.4300,75.8000,76.3300,646700
2005-12-14,75.9800,76.8500,75.5000,75.8500,550600
2005-12-13,75.1700,75.8400,74.6800,75.6500,437400
2005-12-12,74.1000,75.4900,74.1000,75.2900,664900
2005-12-09,73.3000,73.8699,73.0500,73.4800,284100
2005-12-08,73.4700,73.8500,72.3300,73.2500,1006000
2005-12-07,75.4000,75.4600,73.1500,73.4700,834200
2005-12-06,75.4000,76.1900,75.3000,75.4400,554400
2005-12-05,75.6000,75.6700,74.6700,75.2300,416900
2005-12-02,76.0000,76.3000,75.5500,75.8500,515900
2005-12-01,74.2500,76.0000,74.1200,75.8600,990000
2005-11-30,74.7000,75.3500,73.9700,74.1000,801600
2005-11-29,73.4000,75.0000,73.3300,74.9500,1116200
2005-11-28,74.3000,74.5100,72.5800,72.8500,879700
2005-11-25,74.4900,74.5900,74.2200,74.5900,154700
2005-11-23,74.4000,74.8000,73.9300,74.6300,638900
2005-11-22,73.3000,75.0300,72.6500,74.6500,667200
2005-11-21,72.6200,73.4800,72.5600,73.3700,654500
2005-11-18,72.5000,73.1100,71.8700,72.8500,874600
2005-11-17,70.5300,72.5590,70.4100,72.3200,1247600
2005-11-16,69.8000,70.3800,69.2500,70.0900,495800
2005-11-15,69.7700,70.2500,69.3900,69.4400,501100
2005-11-14,69.4500,70.3100,69.0101,69.7700,466100
2005-11-11,69.1000,69.7300,68.7000,68.9000,326000
2005-11-10,68.9900,69.5700,68.0600,69.4000,592600
2005-11-09,68.0000,69.7500,67.8500,68.8200,738400
2005-11-08,67.9300,68.4900,67.1600,67.6000,629900
2005-11-07,68.5500,68.7400,67.1610,68.4300,915400
2005-11-04,66.9000,69.0400,66.4000,68.5500,2005100
2005-11-03,67.1000,67.5500,65.1900,65.2200,927700
2005-11-02,64.5000,67.1900,64.4401,67.1100,1344100
2005-11-01,63.7000,64.1400,62.7900,64.0200,761800
2005-10-31,62.6000,63.8000,62.5400,63.6000,643100
2005-10-28,61.0000,62.6200,60.7300,62.5100,777300
2005-10-27,61.2300,61.2700,59.6100,61.0000,605800
2005-10-26,61.4500,62.4800,61.0700,61.2200,439900
2005-10-25,62.0500,62.4690,60.7300,61.2000,613500
2005-10-24,61.0000,62.2300,60.4200,62.2300,641900
2005-10-21,61.1000,61.3100,59.7700,61.2000,931100
2005-10-20,62.5800,62.6100,60.3100,60.7100,695000
2005-10-19,60.7500,62.7000,60.4100,62.6300,625500
2005-10-18,60.9500,61.6300,60.5900,61.2600,1029600
2005-10-17,60.4000,61.6000,60.0000,61.5200,403000
2005-10-14,59.9300,60.7800,59.5900,60.4100,500500
2005-10-13,59.4600,60.1000,59.0300,59.9300,589200
2005-10-12,59.6700,59.9500,58.6900,59.3600,1005200
2005-10-11,60.0000,60.3700,58.6700,58.6700,732500
2005-10-10,61.4000,61.9300,59.2500,59.6400,916000
2005-10-07,59.4400,60.4800,59.3500,60.0000,668200
2005-10-06,60.1300,60.3000,58.5200,59.4500,927600
2005-10-05,62.8900,62.9900,59.9400,59.9800,941100
2005-10-04,64.1500,64.5000,63.2100,63.2700,515000
2005-10-03,63.8800,64.3700,63.5800,64.1500,407900
2005-09-30,63.0000,64.4000,62.7500,64.3800,552800
2005-09-29,62.9000,63.8000,62.8200,63.2100,383600
2005-09-28,63.0900,63.5600,61.8600,62.9600,500800
2005-09-27,62.1000,63.0700,62.0200,62.6900,396900
2005-09-26,62.2000,62.6400,61.5400,62.0400,480200
2005-09-23,62.2500,62.6200,61.5000,62.2600,514600
2005-09-22,59.8200,62.8700,59.7700,62.0000,1169800
2005-09-21,60.3200,61.1000,59.5000,59.8200,647400
2005-09-20,61.3000,61.3700,60.2300,60.5000,631800
2005-09-19,60.8800,61.7300,60.5500,61.0500,368500
2005-09-16,61.2400,62.0400,60.3600,60.6100,993900
2005-09-15,61.3900,61.5000,60.8500,60.9900,288100
2005-09-14,61.9800,61.9800,60.9000,61.1700,242200
2005-09-13,61.9600,62.0600,61.1500,61.3200,383800
2005-09-12,61.4600,62.2900,61.4600,61.8200,756500
2005-09-09,61.0600,61.4900,60.3500,61.0000,1106800
2005-09-08,61.2400,61.2400,60.0900,60.5300,456100
2005-09-07,61.9000,62.0400,61.2600,61.3700,365300
2005-09-06,61.3000,61.8600,60.8300,61.7500,536900
2005-09-02,62.1500,62.1500,60.6400,61.0100,428500
2005-09-01,62.3000,63.2900,61.0300,61.7900,2025600
2005-08-31,59.3700,61.9100,59.0500,61.9100,1900400
2005-08-30,58.0600,58.6200,57.6700,58.5700,639300
2005-08-29,57.9000,58.2900,57.4900,57.9900,558800
2005-08-26,58.1400,58.2000,56.9000,57.6900,515900
2005-08-25,58.2000,58.5900,57.7100,58.0500,477200
2005-08-24,57.6500,58.5000,57.4000,57.8500,931300
2005-08-23,57.9800,58.1200,57.5200,57.7200,736200
2005-08-22,58.1000,58.2500,57.2200,57.8700,275400
2005-08-19,58.2100,58.3500,57.3100,57.6300,380100
2005-08-18,57.5000,57.7000,57.0900,57.4000,434400
2005-08-17,57.5000,57.7800,57.0200,57.5500,499300
2005-08-16,57.7200,57.9000,57.3000,57.5000,717700
2005-08-15,57.6000,57.8400,57.3000,57.6200,464700
2005-08-12,58.4600,58.4800,56.8300,57.6200,1258500
2005-08-11,59.5400,59.7400,58.3000,58.4600,1094700
2005-08-10,60.0000,61.4700,59.1700,59.6900,2001100
2005-08-09,60.8000,61.3300,59.1600,59.8000,3410900
2005-08-08,64.4000,65.0000,63.2300,63.8000,444900
2005-08-05,64.6000,64.8000,63.2300,63.9800,421200
2005-08-04,64.9500,65.3100,64.5800,65.0500,536400
2005-08-03,64.7000,65.3900,64.3700,64.9500,285600
2005-08-02,63.7500,65.7700,63.6000,65.1500,686900
2005-08-01,63.9300,64.6000,63.6800,63.9000,569300
2005-07-29,64.5100,64.8000,63.5100,63.8000,594300
2005-07-28,60.8500,64.9000,60.8200,64.8100,1451900
2005-07-27,60.3100,60.6400,59.4800,60.6200,402500
2005-07-26,59.4600,60.2300,59.1700,60.0600,766900
2005-07-25,60.1600,60.2100,59.0200,59.2100,395000
2005-07-22,60.0000,60.2500,59.8200,60.2000,487300
2005-07-21,60.6500,60.9300,59.3200,59.9000,610000
2005-07-20,59.5500,61.1300,59.4500,60.6500,593400
2005-07-19,59.8300,59.8400,58.8300,59.7000,586300
2005-07-18,59.5500,59.9200,59.2100,59.5800,342000
2005-07-15,59.1000,59.8000,59.1000,59.6800,515500
2005-07-14,60.9000,61.2000,58.8500,58.8500,862700
2005-07-13,59.7800,60.6500,59.7800,60.4000,705700
2005-07-12,59.3100,59.6000,58.6500,59.3500,682900
2005-07-11,59.5900,59.7600,59.1700,59.5600,550400
2005-07-08,59.5500,59.7100,58.9000,59.3400,530300
2005-07-07,57.7500,59.2500,57.2400,59.2000,500500
2005-07-06,58.4300,58.6400,57.8800,58.0900,429500
2005-07-05,57.1500,58.6200,56.2500,58.5000,725200
2005-07-01,57.5900,57.8700,57.2500,57.5500,380000
2005-06-30,58.6000,58.9000,57.4700,57.5900,756600
2005-06-29,59.0000,59.1800,58.2500,58.6000,525100
2005-06-28,58.4000,58.8200,58.0300,58.4900,704100
2005-06-27,57.6700,58.0600,57.3700,57.9200,469300
2005-06-24,58.4900,58.7500,57.5900,57.5900,633600
2005-06-23,59.8000,59.8400,58.3400,58.4900,363700
2005-06-22,60.0900,60.3800,59.5700,59.9800,282800
2005-06-21,60.8000,60.8000,59.6500,60.0100,432800
2005-06-20,61.0000,61.1200,60.5500,60.8500,257200
2005-06-17,61.0000,61.7600,60.9300,61.4700,529400
2005-06-16,59.9800,60.3700,59.8100,60.3100,608300
2005-06-15,60.2200,60.3200,59.1900,60.3000,812300
2005-06-14,60.0500,60.4900,59.9500,60.1000,338000
2005-06-13,60.3100,60.8800,59.9600,60.1900,282200
2005-06-10,60.6300,60.7600,60.0300,60.5600,481900
2005-06-09,60.1300,60.7700,59.3900,60.7000,425600
2005-06-08,60.9500,61.0300,59.9900,60.2400,529000
2005-06-07,60.2000,62.6900,59.2600,60.8800,829400
2005-06-06,60.6600,60.8000,60.0000,60.0600,901200
2005-06-03,59.2800,61.2000,59.2800,60.8200,1508300
2005-06-02,59.1200,59.5900,58.6100,59.0300,412500
2005-06-01,57.4500,57.4500,57.4500,57.4500,899700
2005-05-31,57.7000,58.0000,57.2000,57.4500,644200
2005-05-27,57.3700,57.8200,57.2600,57.7000,277800
2005-05-26,57.0000,57.6800,57.0000,57.4600,462200
2005-05-25,57.1500,57.1500,56.2000,56.9000,893200
2005-05-24,57.0500,57.4900,56.6500,57.0500,570000
2005-05-23,57.7600,58.1000,57.5600,57.7900,443900
2005-05-20,58.0800,58.0800,57.4300,57.7700,383700
2005-05-19,58.3000,58.3000,57.5600,57.9900,407100
2005-05-18,57.8400,58.6200,57.8400,58.3300,360500
2005-05-17,56.9100,58.0100,56.5900,57.8400,600800
2005-05-16,55.8000,56.9100,55.3300,56.7000,570300
2005-05-13,56.5800,56.5800,55.0000,55.5500,620100
2005-05-12,57.8000,58.1500,56.3500,56.5800,642500
2005-05-11,58.3000,58.4700,56.9900,57.6400,1244600
2005-05-10,58.3500,58.8800,58.0800,58.1600,965400
2005-05-09,58.1000,58.4200,57.7600,58.3000,2197300
2005-05-06,52.2500,58.0600,52.1000,57.3000,2184100
2005-05-05,52.8400,53.4400,52.3900,52.5500,434400
2005-05-04,51.8200,53.2400,51.6000,53.0400,636700
2005-05-03,51.2500,52.1100,51.1800,51.5700,615300
2005-05-02,51.6500,52.2600,51.4700,51.7500,544500
2005-04-29,51.6900,51.8600,51.0700,51.5600,706500
2005-04-28,51.9500,52.2000,51.4400,51.4400,690900
2005-04-27,51.9500,52.3300,51.3400,51.9500,637900
2005-04-26,53.5900,53.7400,52.2100,52.4500,846000
2005-04-25,53.7200,54.3400,53.2300,53.8400,441900
2005-04-22,53.4900,53.9000,52.8000,53.2300,612600
2005-04-21,53.2500,53.6840,52.9600,53.5400,873300
2005-04-20,53.7500,54.0100,52.7400,52.8000,700800
2005-04-19,53.5300,53.9800,52.9600,53.6500,673500
2005-04-18,53.5700,53.9000,53.2500,53.5500,866200
2005-04-15,54.7500,55.4100,53.9100,53.9100,1031100
2005-04-14,56.8700,56.9900,54.5600,54.9500,1382200
2005-04-13,58.5800,58.5900,56.6700,56.8700,818800
2005-04-12,58.7000,59.2500,57.7500,58.5800,993800
2005-04-11,57.1700,59.2000,57.1700,58.7500,1239600
2005-04-08,57.7000,57.8100,56.5000,56.6600,439400
2005-04-07,56.7600,57.9400,56.7600,57.7800,738800
2005-04-06,56.4400,56.9700,55.8500,56.7600,770300
2005-04-05,56.1000,57.1300,56.0600,56.4000,579700
2005-04-04,55.8000,56.2700,54.9500,56.0100,442000
2005-04-01,55.8500,56.7000,55.3100,55.7000,549900
2005-03-31,55.0200,55.9200,54.8000,55.4300,397600
2005-03-30,53.7400,55.1700,53.7400,55.1200,816200
2005-03-29,55.0000,55.5300,53.5300,53.6300,1194500
2005-03-28,55.5000,56.4200,55.1200,55.2200,722200
2005-03-24,55.0500,55.3500,54.4000,55.1000,975100
2005-03-23,55.6900,55.8600,54.9700,55.0000,688300
2005-03-22,56.9200,57.5000,55.7900,55.8100,660200
2005-03-21,57.5100,57.6500,56.6100,56.6700,439100
2005-03-18,57.2000,58.0900,56.8000,57.7100,1232000
2005-03-17,56.6600,57.1500,56.1800,56.7600,649500
2005-03-16,56.7000,56.9000,55.9900,56.4100,844500
2005-03-15,57.1500,57.4500,56.5900,56.6100,881600
2005-03-14,57.5300,57.7500,56.5000,56.7000,730700
2005-03-11,56.6500,57.8200,56.3100,57.2800,477600
2005-03-10,57.6500,57.9300,56.1000,56.9000,1308200
2005-03-09,58.4100,59.4500,58.1100,58.2000,1051400
2005-03-08,59.0000,59.9900,57.0100,58.9700,1843400
2005-03-07,61.4000,61.5000,60.8800,61.0000,684800
2005-03-04,61.1000,62.1200,60.7800,61.6500,931200
2005-03-03,61.9500,62.0000,60.3900,60.7300,782700
2005-03-02,62.2000,62.6300,61.8200,61.9500,1015700
2005-03-01,62.5000,63.1400,62.3300,62.4500,949800
2005-02-28,63.2500,63.9400,62.5700,62.7500,504300
2005-02-25,62.8300,63.9100,62.5600,63.2500,498700
2005-02-24,61.5200,63.1700,60.7800,63.1200,396900
2005-02-23,61.3100,62.0000,61.1500,61.5200,580700
2005-02-22,61.8000,62.4000,61.2700,61.3000,480100
2005-02-18,62.5500,62.9700,61.2200,61.8800,653400
2005-02-17,62.5000,63.9100,62.5000,62.7100,524400
2005-02-16,62.0000,62.8500,61.5000,62.6300,811900
2005-02-15,60.7700,62.5700,60.6600,62.3900,848400
2005-02-14,61.0000,61.4800,60.8000,60.9700,325800
2005-02-11,59.8400,61.3000,59.8300,61.0000,656400
2005-02-10,60.2200,60.2200,59.4700,59.8400,725600
2005-02-09,60.6500,60.9400,59.8700,60.2100,903400
2005-02-08,60.4000,61.1500,60.0000,60.8700,873600
2005-02-07,59.8000,61.7500,59.7000,60.7400,1324100
2005-02-04,56.2500,60.4000,55.7500,59.8400,1469200
2005-02-03,53.9800,57.3700,52.7100,56.9300,1431500
2005-02-02,52.6000,54.0000,52.5400,53.9800,555100
2005-02-01,53.0300,53.2500,52.0000,52.3400,567800
2005-01-31,52.5400,53.6300,52.1700,53.5400,376000
2005-01-28,52.1000,52.7500,51.9400,52.2900,347200
2005-01-27,51.9500,52.1100,51.6700,52.1000,312300
2005-01-26,50.8000,52.2200,50.7500,51.9500,526200
2005-01-25,50.6000,51.0100,50.5100,50.8000,224700
2005-01-24,50.4500,51.0900,50.1100,50.3700,290000
2005-01-21,51.1100,51.7000,50.5300,50.5800,168600
2005-01-20,51.9000,51.9000,50.6100,51.1600,646800
2005-01-19,52.3200,52.7500,51.8100,51.8900,217100
2005-01-18,52.3000,52.7600,51.6500,52.5200,248100
2005-01-14,51.3100,52.6500,51.1000,52.4900,369800
2005-01-13,50.9600,52.0400,50.8700,51.3100,302700
2005-01-12,50.8100,51.0900,50.3700,51.0700,332100
2005-01-11,51.2500,51.3300,50.2600,50.5600,484900
2005-01-10,50.5100,51.7200,50.5100,51.2400,378400
2005-01-07,51.2000,51.4100,50.7100,50.8100,526500
2005-01-06,51.0000,51.4000,50.4500,51.0700,639100
2005-01-05,52.4000,52.4000,50.8400,50.8400,561300
2005-01-04,53.2500,53.3000,52.0000,52.2400,448300
2005-01-03,54.5100,54.5100,52.9000,53.0500,593400
2004-12-31,54.4500,55.1900,54.2000,54.5100,196400
2004-12-30,54.3000,54.6100,54.1500,54.2800,263300
2004-12-29,53.7900,54.4700,53.5300,54.4300,279500
2004-12-28,52.5500,53.6400,52.5500,53.5900,348400
2004-12-27,53.3000,53.3500,51.6700,52.6200,618700
2004-12-23,53.4000,53.4000,53.0200,53.2900,514000
2004-12-22,53.1100,53.6100,53.1100,53.3800,400900
2004-12-21,53.0500,53.7500,53.0500,53.3600,376100
2004-12-20,52.8500,53.7500,52.6300,53.0100,381400
2004-12-17,52.7500,53.6000,52.6000,53.1300,594500
2004-12-16,53.9000,53.9000,53.1000,53.2100,483500
2004-12-15,53.8000,54.6000,53.8000,53.9800,719200
2004-12-14,53.7800,54.3500,53.7400,54.2100,412100
2004-12-13,53.6000,53.9600,53.4900,53.7800,508400
2004-12-10,53.9000,54.1500,52.8500,53.4700,673200
2004-12-09,54.5300,54.5900,53.5700,54.2700,675400
2004-12-08,51.5500,54.7700,51.4700,54.5400,2178300
2004-12-07,52.2300,52.4700,51.7500,51.8000,339900
2004-12-06,52.0200,52.2200,51.7100,52.0100,304100
2004-12-03,51.8500,52.3300,51.8000,52.1700,372800
2004-12-02,52.4000,52.4700,52.0000,52.2600,414700
2004-12-01,51.5900,52.3900,51.4000,52.2000,764000
2004-11-30,52.1000,52.2400,51.7300,51.9000,542100
2004-11-29,52.5500,52.6000,51.8300,52.1500,677200
2004-11-26,51.5500,52.5600,51.5000,52.5400,356000
2004-11-24,50.3000,52.5500,50.3000,52.0000,1360600
2004-11-23,48.4500,53.3200,48.0500,51.8500,3295300
2004-11-22,46.7500,48.7000,46.5600,48.5100,1065600
2004-11-19,46.8500,47.0000,46.2400,47.0000,701800
2004-11-18,46.8500,46.9000,45.8400,46.7000,627200
2004-11-17,47.1000,47.7000,46.5000,46.6000,630500
2004-11-16,47.3500,47.3500,46.6500,46.9500,316100
2004-11-15,47.1500,47.8300,46.8500,47.2900,668400
2004-11-12,44.9000,47.5900,44.9000,47.3300,1074700
2004-11-11,44.9900,45.2300,44.6600,45.1900,295100
2004-11-10,44.9800,45.3600,44.7500,45.1600,508300
2004-11-09,44.8500,45.1600,44.4600,44.9600,425700
2004-11-08,44.7000,45.3800,44.3800,44.6800,580000
2004-11-05,44.6500,45.0500,44.3400,44.7000,688300
2004-11-04,45.5400,45.5400,44.4200,44.6600,921700
2004-11-03,45.6500,46.1500,45.2600,45.5400,496900
2004-11-02,45.2700,45.8900,45.0700,45.2500,470000
2004-11-01,46.4400,46.4400,45.5600,45.8300,773100
2004-10-29,45.0500,46.6000,44.5900,46.4400,915900
2004-10-28,46.1400,46.1500,44.7100,45.2100,822400
2004-10-27,45.2400,46.4400,44.6200,46.1400,583800
2004-10-26,44.2500,45.2400,43.9000,45.2400,519800
2004-10-25,43.4600,44.4300,43.1000,44.2600,489100
2004-10-22,44.0700,44.1400,43.2200,43.4500,343900
2004-10-21,43.2200,44.0700,43.1100,44.0700,563400
2004-10-20,43.0000,43.2700,42.7700,43.2200,406400
2004-10-19,43.5200,43.9000,43.1400,43.2200,255300
2004-10-18,43.7400,43.7400,43.7400,43.7400,365000
2004-10-15,43.5000,44.1700,43.1000,43.7400,461300
2004-10-14,43.9600,43.9900,42.9700,43.2400,780500
2004-10-13,44.3500,44.5200,43.7100,44.0900,382200
2004-10-12,44.4000,44.4000,43.7500,44.2800,415000
2004-10-11,44.5000,44.9000,44.3400,44.4800,403300
2004-10-08,44.5000,44.9400,44.3000,44.5600,408500
2004-10-07,44.6300,44.7900,44.3200,44.5900,466500
2004-10-06,44.1500,44.6600,43.6500,44.6200,496600
2004-10-05,44.4500,44.4500,44.0200,44.1600,361300
2004-10-04,44.9800,45.2400,44.3000,44.4500,522700
2004-10-01,44.7700,45.0300,44.1500,44.4800,511100
2004-09-30,44.4900,45.2100,44.3100,44.5200,666000
2004-09-29,44.0500,44.6900,43.6100,44.4900,441100
2004-09-28,44.8500,44.8500,43.7400,44.0500,424000
2004-09-27,44.1500,44.7000,43.8600,44.3500,409900
2004-09-24,44.3800,44.3800,43.8200,43.9500,446700
2004-09-23,45.2500,45.2500,44.0300,44.3800,377100
2004-09-22,45.2800,45.5000,44.9000,45.1800,581800
2004-09-21,44.9800,45.4600,44.8800,45.4000,553700
2004-09-20,45.1300,45.2300,44.7000,44.9800,398100
2004-09-17,45.5800,45.6500,44.8700,44.9500,370200
2004-09-16,45.0000,45.6800,45.0000,45.3800,346000
2004-09-15,45.6000,46.1900,44.8900,44.9500,834900
2004-09-14,45.5500,45.7500,44.7500,45.0600,563200
2004-09-13,44.0500,46.0000,44.0500,45.3500,1298200
2004-09-10,44.0500,44.0500,43.5200,43.8700,405000
2004-09-09,44.3400,44.6000,44.0800,44.1300,302700
2004-09-08,44.8500,44.8500,44.2600,44.3400,649000
2004-09-07,43.1800,45.1700,43.1800,44.8500,832600
2004-09-03,42.9400,43.4400,42.9100,42.9300,218100
2004-09-02,42.8100,43.3600,42.5100,43.2700,288300
2004-09-01,42.8500,43.1500,42.5600,42.8100,472700
2004-08-31,43.0800,43.7500,42.4000,42.7500,523500
2004-08-30,43.3100,43.5500,42.8000,42.8600,395600
2004-08-27,43.6700,43.7000,43.1400,43.3000,538300
2004-08-26,43.2200,43.8900,43.2200,43.6700,382800
2004-08-25,43.8500,44.1500,43.1300,43.5100,375500
2004-08-24,43.9000,44.3500,43.2900,43.6600,385400
2004-08-23,43.8500,44.0000,43.4000,43.6500,368900
2004-08-20,43.2200,43.8000,43.2100,43.7000,344800
2004-08-19,43.9200,43.9200,43.1100,43.2900,574300
2004-08-18,43.5100,44.0400,43.3500,43.9300,535000
2004-08-17,43.2500,44.2800,43.2500,43.5000,483000
2004-08-16,42.2000,43.2600,42.1500,43.0500,385800
2004-08-13,41.8700,42.3400,41.2600,42.3400,664300
2004-08-12,42.4800,42.5800,41.8400,41.9000,536600
2004-08-11,43.0000,43.0000,41.9700,42.4700,498800
2004-08-10,41.6800,43.2500,41.6800,43.2400,822300
2004-08-09,41.3400,41.9800,41.3300,41.7400,503000
2004-08-06,42.5800,42.5800,41.5000,41.6600,667400
2004-08-05,43.5500,43.7000,42.4000,42.6100,867900
2004-08-04,43.5500,43.8100,43.3200,43.5000,1032600
2004-08-03,45.4500,45.4600,43.9000,43.9800,995300
2004-08-02,45.5300,45.7000,44.8000,45.5400,610300
2004-07-30,45.7500,45.9100,45.2400,45.5500,552800
2004-07-29,43.0200,46.1200,43.0200,45.6800,1297900
2004-07-28,43.6300,43.6600,42.0000,43.0200,1489200
2004-07-27,43.0000,43.8500,43.0000,43.5300,656100
2004-07-26,43.4400,43.5000,42.9300,42.9400,871600
2004-07-23,44.0000,44.0000,43.4300,43.5200,679000
2004-07-22,44.8200,45.0200,43.8400,43.9900,1046800
2004-07-21,45.0800,46.2200,44.8200,44.8200,689900
2004-07-20,44.6600,44.9900,44.0200,44.9900,492400
2004-07-19,45.0900,45.1500,43.9500,44.6700,992000
2004-07-16,45.8000,46.3000,44.9900,45.0100,561400
2004-07-15,45.3000,46.1600,45.3000,45.7400,619500
2004-07-14,45.4500,45.5700,45.0600,45.2700,824800
2004-07-13,45.6200,45.7000,45.2500,45.5500,774300
2004-07-12,45.9300,45.9300,45.4500,45.6200,1061100
2004-07-09,45.8700,46.2300,45.6600,46.0800,937300
2004-07-08,46.8100,46.8100,45.7800,45.8700,834000
2004-07-07,46.6100,47.3200,46.5900,46.8600,975800
2004-07-06,46.8600,46.9600,46.2100,46.6100,848500
2004-07-02,46.7400,47.4400,46.4000,46.7600,937100
2004-07-01,47.6700,47.6700,46.3600,46.6400,1075700
2004-06-30,46.5600,48.1500,46.5000,47.6700,1116300
2004-06-29,46.4500,46.6100,45.2300,46.5600,1316400
2004-06-28,46.5000,47.8300,46.4000,46.9100,1105300
2004-06-25,45.8400,46.4700,45.6000,46.4700,622500
2004-06-24,45.7600,46.4700,45.5800,46.0400,935400
2004-06-23,44.9000,45.9000,44.5000,45.7600,807800
2004-06-22,44.7000,45.1500,44.4600,45.0600,752000
2004-06-21,44.6400,45.4000,44.5500,45.0400,785400
2004-06-18,44.8600,45.2800,44.5500,44.6500,834400
2004-06-17,43.6000,45.3100,43.6000,44.8600,1272200
2004-06-16,43.1000,44.1500,43.0700,43.9100,550000
2004-06-15,43.1800,43.3300,42.9900,43.1400,769600
2004-06-14,43.5100,43.6600,43.0000,43.1800,510400
2004-06-10,43.4500,43.8000,43.2000,43.5900,677300
2004-06-09,42.7500,43.9000,42.6500,43.2300,908900
2004-06-08,41.4000,43.2300,41.1600,43.2100,1328100
2004-06-07,40.5000,41.5000,40.2700,41.2900,849500
2004-06-04,40.4100,40.7800,39.8500,40.3100,270600
2004-06-03,40.5800,40.6500,40.2100,40.4900,317600
2004-06-02,40.4200,40.6700,40.1500,40.5800,492800
2004-06-01,40.3900,40.5800,40.1500,40.5500,510900
2004-05-28,40.1000,40.6000,39.9400,40.4200,340600
2004-05-27,40.1500,40.2400,39.6600,40.2400,484500
2004-05-26,39.8600,40.2400,39.6200,40.1700,647900
2004-05-25,39.0200,39.9000,38.9000,39.8500,846400
2004-05-24,38.8000,39.4400,38.7600,39.4200,533000
2004-05-21,38.3800,38.7800,38.2100,38.5400,449700
2004-05-20,38.1500,38.2500,37.9800,38.1500,790900
2004-05-19,37.5100,38.5100,37.3900,37.9500,916300
2004-05-18,37.4800,37.8100,37.3500,37.5000,539400
2004-05-17,37.2000,37.8700,37.1900,37.4900,755300
2004-05-14,37.4500,37.8100,37.3800,37.6600,664600
2004-05-13,36.9500,38.2600,36.6600,37.6100,572000
2004-05-12,36.7500,37.0800,36.1000,37.0000,549500
2004-05-11,36.7700,37.1000,36.5800,36.8700,242400
2004-05-10,37.0500,37.0500,36.3500,36.8400,896500
2004-05-07,38.0000,38.1700,37.0000,37.1100,625500
2004-05-06,38.5000,38.6800,38.0000,38.2100,481600
2004-05-05,39.0000,39.0000,38.3500,38.7500,450500
2004-05-04,39.1000,39.4000,38.8500,39.0200,565700
2004-05-03,38.1000,39.0100,37.5800,39.0000,602900
2004-04-30,38.1000,38.5200,37.9500,38.1600,480600
2004-04-29,37.8000,38.8600,37.5500,37.9100,608300
2004-04-28,39.3000,39.3400,38.6400,38.8600,497000
2004-04-27,38.8300,39.6800,38.8300,39.4600,422900
2004-04-26,38.8900,39.2900,38.5500,38.8300,293400
2004-04-23,39.1000,39.1000,38.5600,38.8900,289500
2004-04-22,37.7400,39.2300,37.4500,39.0700,419100
2004-04-21,37.8400,38.0700,37.3500,37.9900,203400
2004-04-20,38.2200,38.5500,37.7200,37.8300,241400
2004-04-19,38.7100,38.8000,37.8200,38.2600,389500
2004-04-16,38.1000,38.8500,38.1000,38.7000,430900
2004-04-15,37.9800,38.5000,37.6400,38.1500,317300
2004-04-14,37.7800,38.6000,37.3700,37.9900,457100
2004-04-13,38.3000,38.5000,38.0200,38.1000,392900
2004-04-12,38.2800,38.5900,38.2000,38.3000,195700
2004-04-08,38.7400,38.8300,38.1800,38.3100,471700
2004-04-07,38.7500,38.9200,38.4400,38.6000,368500
2004-04-06,38.5900,39.0300,38.3000,38.5300,570600
2004-04-05,37.6200,38.6700,37.5700,38.5900,640100
2004-04-02,38.4500,38.4500,36.9800,37.4800,1741400
2004-04-01,38.7000,38.8000,37.7500,38.0000,839600
2004-03-31,39.1800,39.1800,38.5850,38.6900,401700
2004-03-30,38.3500,39.2500,38.3500,39.1000,564900
2004-03-29,38.2500,38.4400,38.0800,38.3700,274300
2004-03-26,38.0000,38.0900,37.8900,38.0000,441300
2004-03-25,37.8000,38.1700,37.6000,38.1200,320700
2004-03-24,37.5500,37.8800,37.3700,37.6300,419000
2004-03-23,37.4500,37.7900,37.1500,37.2900,430300
2004-03-22,37.4300,37.4300,36.7000,37.3000,608400
2004-03-19,38.2800,38.3300,37.8700,38.0800,322000
2004-03-18,38.5000,38.8000,38.0600,38.4300,356600
2004-03-17,38.4100,38.8000,38.0500,38.7100,395800
2004-03-16,38.1000,38.7300,38.0000,38.3500,684500
2004-03-15,38.3500,38.3500,37.6200,38.1000,762700
2004-03-12,37.4000,38.7500,37.2700,38.3500,737200
2004-03-11,37.2500,37.3900,36.5000,37.0000,1281700
2004-03-10,39.7400,39.7400,38.6300,38.8400,585700
2004-03-09,40.0000,40.1300,39.5900,39.7700,578800
2004-03-08,40.7500,40.7500,39.9500,40.0000,432900
2004-03-05,40.7000,41.1000,40.5000,40.5600,500500
2004-03-04,40.5000,41.0500,40.3500,40.9700,469900
2004-03-03,40.4300,40.5000,39.8800,40.5000,521400
2004-03-02,40.7000,40.8000,40.1100,40.4300,376700
2004-03-01,41.2300,41.2300,40.5300,40.9100,633600
2004-02-27,40.5500,41.5200,39.8800,41.2300,920400
2004-02-26,40.2500,40.5100,39.8400,40.2600,430800
2004-02-25,40.2000,40.5000,39.7300,40.2400,314100
2004-02-24,39.9000,40.7300,39.7000,40.2000,626200
2004-02-23,40.7500,40.7500,39.7000,39.8700,304900
2004-02-20,40.9500,40.9600,40.4300,40.5200,472500
2004-02-19,41.0000,41.2200,40.5700,40.7300,425200
2004-02-18,41.3500,41.3500,40.6400,40.9000,558900
2004-02-17,40.8500,41.5100,40.7800,41.3400,818600
2004-02-13,40.8200,41.0700,40.1300,40.4000,564500
2004-02-12,40.7300,40.8500,40.5500,40.7900,532800
2004-02-11,39.9600,40.8200,39.9500,40.7000,1993700
2004-02-10,40.0000,40.2800,39.2000,39.9600,2181300
2004-02-09,40.4000,40.7600,39.9300,40.7100,716900
2004-02-06,40.7000,41.9500,40.4200,40.8300,1218400
2004-02-05,38.8500,40.8500,38.2000,40.7300,1759800
2004-02-04,38.2500,38.4500,37.2000,37.3000,588000
2004-02-03,37.0500,38.4500,36.8500,38.0800,595000
2004-02-02,36.9900,37.5000,36.9900,37.0700,451200
2004-01-30,36.9500,37.1300,36.7100,37.0600,692200
2004-01-29,37.3000,37.6200,36.9100,37.1500,425000
2004-01-28,37.8000,37.8900,36.9200,36.9700,385600
2004-01-27,37.8200,38.0100,37.4600,37.6400,534200
2004-01-26,37.7800,38.0800,37.2200,37.5700,787900
2004-01-23,38.3800,38.5800,37.6500,37.7700,768800
2004-01-22,38.6000,38.7000,38.0300,38.4300,412500
2004-01-21,38.6500,38.7400,38.2500,38.4400,653300
2004-01-20,39.4000,39.4000,37.6000,38.4400,1008200
2004-01-16,39.4000,39.7000,39.3500,39.6000,197600
2004-01-15,38.7500,39.5700,38.7300,39.1500,412800
2004-01-14,38.2500,39.6000,38.1500,39.5400,448700
2004-01-13,37.9500,38.3400,37.4500,38.0500,604300
2004-01-12,38.0800,38.2700,37.7200,37.9500,428000
2004-01-09,38.5400,38.7500,37.9300,38.0900,722800
2004-01-08,39.4500,39.5100,38.4000,38.7900,562800
2004-01-07,39.8000,39.8500,39.1300,39.4500,366200
2004-01-06,39.8500,40.0000,39.5000,39.9900,355000
2004-01-05,39.7500,40.0000,39.4000,40.0000,476600
2004-01-02,39.6400,39.9000,38.8300,39.0900,430100
2003-12-31,39.5000,39.7400,39.4300,39.6400,298400
2003-12-30,39.3200,39.7000,39.3200,39.4900,295900
2003-12-29,38.9400,39.4000,38.9200,39.3200,282100
2003-12-26,38.6200,38.9400,38.6000,38.9400,94500
2003-12-24,38.6400,38.8000,38.4700,38.5800,90700
2003-12-23,38.6300,39.0500,38.4200,38.6400,257900
2003-12-22,38.2300,38.4700,38.1300,38.4300,281600
2003-12-19,38.1900,38.9000,37.9800,38.1300,453700
2003-12-18,37.6500,38.0400,37.5800,38.0400,371300
2003-12-17,37.4500,37.5000,37.2500,37.4900,177700
2003-12-16,37.6200,37.7600,37.3500,37.5800,296000
2003-12-15,38.5000,38.5000,37.4900,37.6200,345300
2003-12-12,37.6500,37.9000,37.3500,37.8200,196300
2003-12-11,37.1500,37.6300,37.1500,37.5600,315700
2003-12-10,37.1500,37.1700,36.8500,37.0200,640800
2003-12-09,38.0000,38.0000,37.3000,37.3800,238000
2003-12-08,37.7200,38.0200,37.5400,37.9700,177900
2003-12-05,38.2000,38.2400,37.6200,37.7800,766800
2003-12-04,37.0100,38.3000,37.0000,38.2400,912600
2003-12-03,37.1500,37.2900,36.9000,37.0100,778300
2003-12-02,36.7700,37.1000,36.6500,36.7000,388400
2003-12-01,36.7200,36.9500,36.6100,36.7700,522100
2003-11-28,36.4900,36.8200,36.4900,36.6600,95000
2003-11-26,37.0000,37.1500,36.2000,36.4300,652100
2003-11-25,36.6000,37.1500,36.4700,36.7500,752500
2003-11-24,35.8000,37.9600,35.8000,37.2100,1160300
2003-11-21,35.6500,35.7000,35.2000,35.5100,398600
2003-11-20,34.4700,35.4600,34.2900,35.2100,850500
2003-11-19,35.0300,35.0900,34.4200,34.6000,510100
2003-11-18,35.3500,35.4800,34.9800,35.0100,331000
2003-11-17,35.6500,35.7000,35.0500,35.3500,354600
2003-11-14,36.3500,36.3500,35.7300,35.7700,649900
2003-11-13,36.6900,36.7100,36.2400,36.4500,322700
2003-11-12,36.4500,36.7400,36.0700,36.7000,415300
2003-11-11,37.0500,37.2400,36.3600,36.5000,437600
2003-11-10,37.2500,37.4300,36.8300,37.1900,479000
2003-11-07,36.8400,37.0800,36.5600,37.0000,422800
2003-11-06,36.9800,36.9800,36.4000,36.8400,278900
2003-11-05,36.9500,37.1600,36.4200,36.9100,357700
2003-11-04,37.1000,37.2200,36.8000,36.9500,455800
2003-11-03,37.3000,37.6400,36.9300,37.0800,870300
2003-10-31,37.2500,37.4000,36.8400,37.0800,547600
2003-10-30,36.6000,37.4600,35.9500,37.1200,1676700
2003-10-29,37.5000,38.1000,35.5200,36.5900,3646900
2003-10-28,39.4500,39.9000,39.0000,39.8800,611700
2003-10-27,38.0800,39.4000,38.0800,39.0200,518000
2003-10-24,38.7800,38.8600,37.3900,38.0700,734700
2003-10-23,38.2000,39.1100,38.2000,38.9300,323800
2003-10-22,39.0000,39.1800,38.5700,38.6800,283300
2003-10-21,38.8000,39.4500,38.6300,39.1600,508300
2003-10-20,38.8200,39.1200,38.4200,38.8500,385200
2003-10-17,39.2000,39.4500,38.6800,38.8900,544200
2003-10-16,39.6100,39.6100,38.8600,39.0200,840500
2003-10-15,40.5000,40.5900,39.6500,39.8600,710100
2003-10-14,40.6000,40.6000,39.9300,40.5400,258300
2003-10-13,40.4800,40.8200,40.2800,40.5100,238900
2003-10-10,40.0100,40.5800,39.9500,40.4600,600500
2003-10-09,39.6700,40.8000,39.5000,40.1300,606000
2003-10-08,39.8000,39.8300,39.1900,39.4200,272000
2003-10-07,39.1000,39.9500,38.8500,39.7000,546200
2003-10-06,39.7000,39.9000,39.2200,39.4100,581700
2003-10-03,38.5500,39.9000,38.4000,39.5000,860400
2003-10-02,38.6000,38.7500,37.4700,38.0500,780500
2003-10-01,37.3400,38.6200,36.9200,38.6000,641900
2003-09-30,37.7900,37.7900,37.0500,37.3300,692800
2003-09-29,36.4500,37.9700,36.4500,37.7900,744600
2003-09-26,37.4800,37.8100,36.1300,36.4900,525500
2003-09-25,37.2500,38.0000,37.2000,37.3800,703000
2003-09-24,37.3500,37.7500,36.7400,37.1300,450900
2003-09-23,36.9000,37.5600,36.9000,37.3500,465000
2003-09-22,37.2500,37.2500,36.6100,36.9900,374100
2003-09-19,38.1500,38.2900,37.5000,37.5500,446500
2003-09-18,37.0000,37.9000,36.7300,37.8300,493200
2003-09-17,37.0000,37.1500,36.4800,36.5500,443800
2003-09-16,36.4000,37.0100,36.4000,37.0100,266000
2003-09-15,36.1500,36.6300,35.9000,36.4500,589000
2003-09-12,36.1300,36.3500,35.5500,36.0000,501900
2003-09-11,35.5900,36.3800,35.5900,36.1300,586500
2003-09-10,36.1000,36.2000,35.3100,35.4500,378900
2003-09-09,36.2500,36.7000,35.9100,36.1700,424400
2003-09-08,35.9500,36.9600,35.9500,36.8200,514000
2003-09-05,36.5700,36.6200,36.0000,36.1400,390600
2003-09-04,37.4900,37.6200,36.4200,36.8200,584500
2003-09-03,36.9000,37.6200,36.6500,37.4900,725600
2003-09-02,37.0800,37.0900,36.1700,36.7400,613400
2003-08-29,37.2700,37.2700,36.4000,36.8400,466100
2003-08-28,36.6500,37.3800,36.1500,37.3000,944400
2003-08-27,36.0500,36.7300,36.0500,36.5800,287400
2003-08-26,36.3800,36.3900,35.9500,36.2500,587000
2003-08-25,37.0000,37.0800,35.7500,36.3900,965500
2003-08-22,37.9800,38.1200,37.4500,37.4800,317400
2003-08-21,37.6300,38.4500,37.6300,37.7500,853500
2003-08-20,37.0000,37.7100,36.9500,37.5700,732400
2003-08-19,37.1000,37.5000,36.6600,37.0500,580700
2003-08-18,36.1500,38.0000,36.0500,36.9500,1332300
2003-08-15,34.9000,36.2400,34.7500,35.8800,759100
2003-08-14,34.4200,35.0000,34.3300,34.7500,304600
2003-08-13,34.4500,34.4800,33.9200,34.1500,187600
2003-08-12,33.9400,34.4300,33.7600,34.3800,275000
2003-08-11,34.0000,34.3500,33.6200,33.8400,428700
2003-08-08,33.8700,34.5100,33.5300,34.0500,456400
2003-08-07,33.8000,34.1400,33.4200,33.6200,640200
2003-08-06,32.8000,34.1500,32.6000,33.8700,880100
2003-08-05,34.2500,34.2500,32.6400,32.8000,1038500
2003-08-04,34.3500,34.8500,33.6700,34.6100,543600
2003-08-01,35.4900,35.4900,33.8500,34.3400,569500
2003-07-31,35.8900,36.2500,35.3700,35.6300,617000
2003-07-30,35.4500,35.8900,34.7500,35.4000,698200
2003-07-29,34.9500,35.7500,34.6000,35.4500,560600
2003-07-28,35.4400,35.5000,34.6500,34.7700,541500
2003-07-25,34.2500,35.4800,34.2500,35.4800,735700
2003-07-24,34.4000,34.9400,33.9400,33.9500,415300
2003-07-23,34.7500,34.8200,34.0500,34.2700,408400
2003-07-22,33.9500,34.7200,33.6000,34.6000,528400
2003-07-21,33.9500,34.1000,33.3900,33.5500,394800
2003-07-18,33.6000,34.1000,33.4400,34.1000,530900
2003-07-17,32.8000,33.8600,32.7500,33.6600,618000
2003-07-16,33.7600,33.9600,33.4700,33.6500,359800
2003-07-15,34.3000,34.8800,33.4000,33.6500,569100
2003-07-14,34.8000,35.3500,34.0200,34.0900,734200
2003-07-11,33.8200,34.8000,33.8000,34.7000,825900
2003-07-10,33.5000,33.8200,33.2500,33.8200,630600
2003-07-09,33.5500,34.0000,33.2200,33.7900,479500
2003-07-08,34.1000,34.2500,33.2500,33.4500,671800
2003-07-07,34.0000,34.6700,33.8000,34.4500,603800
2003-07-03,33.8000,33.9200,33.2500,33.5400,169300
2003-07-02,33.8500,33.9700,33.2600,33.9300,415000
2003-07-01,33.5400,33.9200,32.5900,33.7900,806900
2003-06-30,34.8700,34.8700,33.6300,33.6400,840200
2003-06-27,34.3500,35.2800,33.9500,34.8600,962100
2003-06-26,34.6600,34.7140,33.9500,34.2200,560600
2003-06-25,34.8000,35.2300,34.6000,34.7300,511900
2003-06-24,34.8000,35.0000,34.4000,34.8400,413300
2003-06-23,34.5000,34.8800,33.6800,34.8000,1002100
2003-06-20,35.5000,35.5000,34.6600,34.6800,586500
2003-06-19,35.4600,35.9500,35.2200,35.3800,922400
2003-06-18,35.1300,35.7500,35.0400,35.5100,589100
2003-06-17,35.0900,35.2500,34.6400,35.0500,429300
2003-06-16,34.6000,35.8800,34.4500,35.0900,1070600
2003-06-13,35.2000,35.6500,34.4200,34.6500,707500
2003-06-12,34.9800,35.7200,34.8700,35.2200,617700
2003-06-11,33.6000,34.4500,33.5000,34.4500,600600
2003-06-10,34.7500,34.8700,33.6600,33.9600,699100
2003-06-09,34.4000,34.9300,33.7100,34.6000,875700
2003-06-06,35.9500,36.1000,34.5200,34.6500,660100
2003-06-05,36.5000,36.5000,35.5800,36.1600,565700
2003-06-04,34.7400,36.6900,34.6800,36.4800,800100
2003-06-03,35.4200,35.4200,34.5800,34.7800,498200
2003-06-02,35.5500,36.2000,34.6000,35.1500,1034200
2003-05-30,34.5000,35.8000,34.2500,35.4900,662900
2003-05-29,35.1500,35.5200,33.8500,34.2200,806000
2003-05-28,34.5500,35.5400,34.4000,35.1000,850500
2003-05-27,33.4000,34.2100,33.2000,34.2100,488500
2003-05-23,33.8000,34.0000,33.2800,33.6000,383000
2003-05-22,33.4000,33.8900,33.1600,33.7300,498100
2003-05-21,33.6000,33.6500,33.0800,33.2000,506000
2003-05-20,33.7400,34.2000,33.4000,33.8300,391500
2003-05-19,34.2500,34.2600,33.4900,33.8300,598600
2003-05-16,34.6500,34.7000,34.0300,34.3400,623500
2003-05-15,34.5000,34.8500,34.2480,34.7500,547600
2003-05-14,34.4400,34.4900,33.7500,34.2700,578500
2003-05-13,34.6300,34.7000,33.7100,34.2100,638800
2003-05-12,34.1000,34.8100,34.0000,34.7200,506000
2003-05-09,34.1900,34.5600,33.8200,34.1000,403700
2003-05-08,34.3600,34.6200,33.5700,34.2000,711500
2003-05-07,34.0000,34.8700,33.7700,34.3500,670000
2003-05-06,34.5500,34.8100,33.8100,34.1500,799900
2003-05-05,35.4500,35.5100,34.0000,34.5100,889100
2003-05-02,34.4800,35.7200,34.3600,35.3200,667300
2003-05-01,34.5000,34.6100,33.7000,34.6100,675200
2003-04-30,34.4000,35.4100,33.5500,34.5700,1125000
2003-04-29,35.6000,35.9000,34.5000,35.4000,898000
2003-04-28,33.7000,35.4700,33.3310,35.1400,819900
2003-04-25,34.9000,35.1600,33.6700,33.6900,996700
2003-04-24,35.5100,35.7000,35.0900,35.3100,349800
2003-04-23,35.6500,35.9600,35.0000,35.6100,595100
2003-04-22,34.4000,35.9000,34.0200,35.8200,827300
2003-04-21,35.0000,35.0600,33.9400,34.3000,963200
2003-04-17,35.8100,35.9900,35.4800,35.6000,512500
2003-04-16,36.2000,36.2000,35.6800,35.8100,740500
2003-04-15,36.0000,36.0000,35.5000,35.8000,691700
2003-04-14,35.0000,35.8300,34.9100,35.6000,807600
2003-04-11,36.5000,36.8900,34.7500,35.0000,1031400
2003-04-10,34.6400,36.1100,34.6100,35.9400,898800
2003-04-09,34.9600,35.2000,34.5500,34.5500,633000
2003-04-08,35.6000,35.8600,34.8900,34.9300,965800
2003-04-07,35.7500,35.9400,35.2500,35.4400,660900
2003-04-04,36.0000,36.0400,34.5400,34.9800,643300
2003-04-03,36.1500,36.1500,34.6000,35.1500,747300
2003-04-02,35.5000,36.0000,35.0000,35.9000,936500
2003-04-01,33.9300,34.7400,33.3400,34.5800,597600
2003-03-31,34.2700,34.2700,33.5500,33.6800,465000
2003-03-28,33.9500,34.5000,33.6200,34.2600,417900
2003-03-27,34.3200,34.7000,32.4000,34.1000,584200
2003-03-26,33.8600,34.7500,33.6000,34.3100,655500
2003-03-25,33.7900,34.2000,33.5000,33.9500,709500
2003-03-24,34.8000,34.8000,33.6400,33.8800,828700
2003-03-21,34.2500,35.0000,34.0000,34.9900,848700
2003-03-20,33.2800,33.9400,32.4000,33.5400,785500
2003-03-19,33.4000,33.6500,33.1000,33.3700,685100
2003-03-18,34.2500,34.2500,33.0600,33.3300,1030200
2003-03-17,32.0300,34.0400,31.9000,33.7100,967000
2003-03-14,31.6500,33.1300,31.5000,32.1100,1449300
2003-03-13,29.9000,31.5900,29.7800,31.4900,945300
2003-03-12,29.0700,29.5000,28.9200,29.2000,480100
2003-03-11,29.2500,29.6500,28.9400,29.0700,437700
2003-03-10,30.1300,30.1500,29.0800,29.3000,430600
2003-03-07,29.9900,30.3900,29.8500,30.2100,501300
2003-03-06,29.2700,30.2300,29.1200,30.1500,1003400
2003-03-05,28.2500,29.3500,28.2300,29.3500,763000
2003-03-04,28.3500,28.5200,28.1100,28.2500,453300
2003-03-03,28.3200,28.6700,28.1000,28.2000,619700
2003-02-28,27.9900,28.5900,27.8500,28.2300,604300
2003-02-27,27.6000,28.1900,27.6000,28.0100,655000
2003-02-26,28.2000,28.3900,27.5300,27.6000,368600
2003-02-25,27.7500,28.3500,27.3300,28.2300,295900
2003-02-24,28.4500,28.5000,27.7200,27.8800,305700
2003-02-21,27.9900,28.6100,27.5300,28.5300,223300
2003-02-20,28.4500,28.4600,27.8200,27.9900,329300
2003-02-19,28.7500,28.8200,28.3400,28.4800,239800
2003-02-18,28.6000,29.1500,28.2000,28.7800,374200
2003-02-14,27.1500,28.1000,27.1500,28.0600,516300
2003-02-13,27.3500,27.3500,26.6500,27.1800,280700
2003-02-12,27.9000,28.1500,27.2300,27.3100,416600
2003-02-11,28.5100,29.1500,27.8400,27.9100,436100
2003-02-10,27.6000,28.2500,27.3800,28.2000,330100
2003-02-07,28.2000,28.4300,27.6000,27.6000,195400
2003-02-06,28.4600,28.9200,27.9200,28.0300,337800
2003-02-05,29.0500,29.3000,28.3500,28.4600,372900
2003-02-04,29.0000,29.4000,28.5000,28.8100,458800
2003-02-03,29.8300,29.9500,28.8900,29.0000,424100
2003-01-31,27.5000,30.0000,27.3700,29.7400,668400
2003-01-30,27.4800,27.7200,27.3600,27.4100,410200
2003-01-29,27.8000,28.0000,27.3100,27.7400,393600
2003-01-28,27.8000,28.0000,27.3100,27.7400,309900
2003-01-27,28.0600,28.4200,27.5900,27.6000,229600
2003-01-24,28.8000,28.9000,27.8500,28.0600,285100
2003-01-23,28.5000,28.8000,28.2500,28.7900,258000
2003-01-22,28.3000,28.8400,28.2000,28.3000,328500
2003-01-21,29.6000,29.8800,28.5600,28.6000,664200
2003-01-17,30.1000,30.1300,29.0200,29.4000,421200
2003-01-16,29.8500,30.4500,29.8000,30.2400,256300
2003-01-15,30.2000,30.4000,29.5000,29.7900,444500
2003-01-14,29.3300,30.1500,29.0400,29.9500,382800
2003-01-13,30.2900,30.5500,29.1000,29.3300,486400
2003-01-10,29.0000,30.6000,29.0000,30.2900,575000
2003-01-09,30.0500,30.3300,30.0500,30.2700,224900
2003-01-08,29.7000,30.3200,29.5500,30.0400,341600
2003-01-07,29.7700,30.2400,29.6500,29.8900,354500
2003-01-06,29.5000,29.9800,29.1700,29.8500,400000
2003-01-03,29.2600,29.7300,29.0000,29.4500,602600
2003-01-02,28.0000,29.3100,27.7000,29.2600,483800
2002-12-31,27.6000,28.0800,27.3200,28.0000,336100
2002-12-30,27.5700,27.9000,27.1900,27.6600,404300
2002-12-27,27.6500,28.0000,27.4600,27.5700,252200
2002-12-26,28.4300,28.6900,27.5600,27.7300,515500
2002-12-24,26.9500,28.8500,26.9500,28.4200,535900
2002-12-23,27.4600,28.2600,26.4500,27.0000,772300
2002-12-20,26.4100,28.0500,25.8600,27.6400,1054600
2002-12-19,26.9500,27.5000,26.0000,26.3600,480500
2002-12-18,26.3000,27.5700,25.9600,27.1000,478000
2002-12-17,27.4500,27.4500,26.1500,26.4500,420800
2002-12-16,26.0000,27.5500,26.0000,27.4500,457900
2002-12-13,26.8900,26.8900,25.7000,25.8300,347300
2002-12-12,26.0000,27.4000,25.7800,26.9900,372600
2002-12-11,26.0000,26.1300,25.7400,25.8000,328900
2002-12-10,25.8000,26.3700,25.2000,26.2400,274200
2002-12-09,26.1500,26.4900,25.5300,25.6400,374000
2002-12-06,26.0300,26.7300,26.0300,26.5100,305500
2002-12-05,26.8500,26.8500,26.3000,26.6200,249500
2002-12-04,26.5500,27.2000,26.5500,26.9300,239800
2002-12-03,27.4400,27.4600,26.8600,26.8600,296000
2002-12-02,27.7000,28.0800,27.3400,27.6400,335300
2002-11-29,28.2000,28.3500,27.3300,27.4200,275000
2002-11-27,26.8600,28.3000,26.8600,28.1300,698400
2002-11-26,26.3000,26.9100,26.3000,26.8000,530600
2002-11-25,25.6500,27.2500,25.6500,26.9500,591100
2002-11-22,25.6300,26.1500,25.4100,25.4400,329800
2002-11-21,25.3500,26.4000,25.2500,25.7200,603000
2002-11-20,23.5100,25.3100,23.4500,25.1000,511500
2002-11-19,23.9000,24.2100,23.2000,23.5100,733600
2002-11-18,24.7300,25.1400,23.8000,24.1200,404600
2002-11-15,24.2600,25.1000,24.2000,24.7100,619200
2002-11-14,25.0300,25.0300,23.2500,24.2600,909700
2002-11-13,24.8100,25.7000,24.7500,25.0200,552300
2002-11-12,24.8000,25.5400,24.7000,25.0600,518100
2002-11-11,24.8000,25.2600,24.6700,24.6800,318400
2002-11-08,25.2000,25.3800,24.2500,24.9500,465700
2002-11-07,25.5000,25.7300,25.0300,25.3700,661100
2002-11-06,25.0000,26.1000,24.8700,25.5000,898600
2002-11-05,24.6000,24.7000,24.0500,24.5000,264600
2002-11-04,24.3100,24.9600,24.3000,24.6300,314900
2002-11-01,23.5500,24.2000,23.2000,24.0200,347600
2002-10-31,23.0000,23.7000,22.9500,23.6500,358000
2002-10-30,23.1600,23.5500,22.6500,23.1200,585800
2002-10-29,22.0000,23.3000,21.8900,23.1800,496900
2002-10-28,23.7200,23.8200,22.0500,22.4100,502500
2002-10-25,22.6000,23.7000,22.5700,23.6300,497200
2002-10-24,23.7900,24.3200,22.3000,22.6800,610700
2002-10-23,22.2600,23.8900,22.2000,23.5600,491000
2002-10-22,22.4500,22.7500,21.5800,22.2600,590600
2002-10-21,21.8400,22.5300,21.3000,22.5000,674800
2002-10-18,22.8200,22.8200,21.4000,21.8700,514300
2002-10-17,22.4500,22.9000,22.2000,22.8200,717600
2002-10-16,22.6300,23.2500,21.4000,21.6100,524600
2002-10-15,22.4300,22.8500,22.0000,22.3800,933300
2002-10-14,21.4000,21.9000,21.1100,21.3600,715000
2002-10-11,21.4000,21.7900,21.0000,21.4900,1155200
2002-10-10,21.0000,21.3400,20.0600,20.9400,851900
2002-10-09,23.2500,23.2500,20.8900,21.0500,509400
2002-10-08,22.1500,23.5200,21.5800,23.4000,534100
2002-10-07,22.6700,22.9000,21.4800,21.7200,725100
2002-10-04,23.7000,24.2000,22.4000,22.8700,394500
2002-10-03,23.9500,24.4000,23.2100,23.7000,526900
2002-10-02,25.8500,25.9900,23.2500,23.5200,700400
2002-10-01,24.5500,25.9900,24.1300,25.8500,484200
2002-09-30,24.6000,24.6000,23.4200,24.4400,661900
2002-09-27,25.6500,26.0500,24.7500,25.2500,390600
2002-09-26,24.8300,25.8800,24.5500,25.7000,486300
2002-09-25,24.3500,24.8900,23.9500,24.7800,397300
2002-09-24,24.4500,24.5000,23.5400,24.0000,651800
2002-09-23,25.7100,25.9000,24.2500,24.5800,634900
2002-09-20,25.7000,26.3000,25.3000,25.7100,748700
2002-09-19,26.0000,26.3600,25.5000,26.0100,691500
2002-09-18,26.4000,26.7700,25.8400,26.5500,338200
2002-09-17,27.5000,27.6300,26.4400,26.4600,422300
2002-09-16,26.8500,27.6000,26.7500,27.1600,425400
2002-09-13,26.3600,27.0800,26.3000,26.9000,248100
2002-09-12,26.4500,26.7500,26.2200,26.5000,451400
2002-09-11,27.0000,27.4000,26.8000,26.8900,300600
2002-09-10,27.7500,27.7500,26.2800,26.8000,787900
2002-09-09,27.4300,27.8300,26.9500,27.6900,373500
2002-09-06,27.8100,27.8100,27.1800,27.3800,295100
2002-09-05,26.7000,27.6500,26.7000,27.4300,736300
2002-09-04,26.8200,27.4500,26.7500,27.4300,409700
2002-09-03,27.1500,27.1500,26.6000,26.8000,537900
2002-08-30,27.2600,28.1900,27.1500,27.6600,410300
2002-08-29,27.1000,27.6000,27.0000,27.5100,677300
2002-08-28,27.1500,27.7000,27.0000,27.5000,897600
2002-08-27,26.9500,27.1700,26.5600,27.0500,970700
2002-08-26,27.5000,27.5000,26.1000,26.7200,1585400
2002-08-23,27.4000,27.5000,26.5000,27.3200,1350400
2002-08-22,28.0000,28.2000,27.1000,27.4500,1852600
2002-08-21,30.0000,30.0100,27.3500,27.6600,3054400
2002-08-20,31.6500,31.6500,30.6700,30.9300,432700
2002-08-19,30.8500,31.8000,30.8100,31.6200,251400
2002-08-16,31.1800,31.4700,30.5000,30.8500,285300
2002-08-15,30.2000,31.5500,30.2000,31.2000,575700
2002-08-14,30.2500,30.5400,29.6600,30.2000,859600
2002-08-13,30.8000,31.2500,29.8200,29.9000,424500
2002-08-12,30.6000,31.3000,30.3100,30.9900,343100
2002-08-09,30.5500,31.3300,30.2300,30.8400,470800
2002-08-08,29.8000,31.1300,29.3000,30.5500,542100
2002-08-07,30.4000,30.4400,28.8500,29.8900,628100
2002-08-06,28.2500,30.2700,28.2500,29.5700,417100
2002-08-05,29.1000,29.2000,28.0000,28.1600,764200
2002-08-02,31.0000,31.0100,29.2100,29.7500,689000
2002-08-01,32.1000,32.1400,30.9000,31.0400,597400
2002-07-31,33.2000,33.2000,31.7000,32.1000,832600
2002-07-30,33.6400,33.9400,32.5200,33.1900,382500
2002-07-29,32.2700,33.6900,32.2700,33.6400,346000
2002-07-26,31.7500,32.4900,30.8800,32.0200,359000
2002-07-25,29.7000,31.8300,29.0000,31.6600,801900
2002-07-24,28.4000,29.9400,28.2000,29.7000,1136100
2002-07-23,29.0000,29.6000,28.7500,28.8800,1049400
2002-07-22,29.1500,30.1500,26.9000,28.4500,779700
2002-07-19,31.8500,32.0000,28.8000,29.1100,759000
2002-07-18,32.8000,33.4500,31.9300,32.0800,433000
2002-07-17,32.5500,33.9000,31.5600,32.1300,486800
2002-07-16,33.9000,33.9000,32.0600,32.3000,641000
2002-07-15,33.5000,33.6500,31.4500,33.6500,491400
2002-07-12,34.2000,34.4900,33.0500,33.6800,520700
2002-07-11,35.1000,35.1100,33.5600,34.1000,717100
2002-07-10,35.9600,36.4000,35.0000,35.2000,426700
2002-07-09,36.5500,37.0000,35.7600,35.9500,279200
2002-07-08,36.8200,37.0500,36.1300,36.7500,255300
2002-07-05,35.7000,37.1100,35.6500,36.8200,174800
2002-07-03,36.3000,36.3000,33.1900,35.4500,608300
2002-07-02,37.5000,37.6900,36.0500,36.4600,491400
2002-07-01,38.9000,39.0000,37.6500,37.6600,359700
2002-06-28,38.6000,39.0000,38.0700,38.9500,581000
2002-06-27,38.4500,38.7500,38.0200,38.7000,309500
2002-06-26,37.6100,38.4900,37.3700,38.2500,373700
2002-06-25,38.5000,38.6500,37.6000,37.6000,467200
2002-06-24,38.0000,39.3000,37.5700,38.6100,417700
2002-06-21,38.5000,38.9900,37.7400,37.9000,467000
2002-06-20,39.2000,39.5000,38.2000,38.4000,405400
2002-06-19,37.8700,40.1400,37.8500,39.0500,715300
2002-06-18,37.9000,38.5600,37.6800,37.8700,271100
2002-06-17,37.0000,37.8500,36.9000,37.7700,177800
2002-06-14,36.5000,37.1400,35.9500,36.7900,267600
2002-06-13,36.7400,36.7400,36.0100,36.5000,303300
2002-06-12,35.7300,36.7800,35.5300,36.7400,277400
2002-06-11,36.7500,37.1100,35.6800,35.7300,229900
2002-06-10,36.3500,36.9600,36.1000,36.6000,182100
2002-06-07,36.6300,36.9000,36.1500,36.3400,425000
2002-06-06,36.7500,37.1300,36.5000,36.6500,254400
2002-06-05,36.3000,36.9000,36.1700,36.7100,283300
2002-06-04,37.1500,37.3700,35.7900,35.9700,352800
2002-06-03,37.7000,38.3000,37.0700,37.2700,441800
2002-05-31,36.8100,38.3500,36.7500,37.6000,360700
2002-05-30,36.8000,37.1900,36.0800,36.7100,384000
2002-05-29,37.6000,37.8000,36.8000,36.8600,226900
2002-05-28,37.6500,37.7600,37.2600,37.5100,248700
2002-05-24,37.7700,38.2000,37.2000,37.4000,355000
2002-05-23,35.4600,37.7700,35.4600,37.7700,1059200
2002-05-22,35.5500,35.7500,35.4500,35.4600,723400
2002-05-21,36.1500,36.4500,35.4600,35.6600,519800
2002-05-20,36.0000,36.5000,35.9500,36.1500,325400
2002-05-17,36.0500,36.2900,35.2300,35.9400,834500
2002-05-16,37.6500,37.8500,35.8900,36.0500,767000
2002-05-15,37.8500,37.9800,37.1900,37.6300,715200
2002-05-14,37.8000,38.5000,37.6000,37.8200,546800
2002-05-13,37.1500,37.6000,36.8000,37.1500,564000
2002-05-10,38.2500,38.2500,36.6100,37.1100,533100
2002-05-09,38.2500,38.5000,37.5500,38.2100,500900
2002-05-08,39.5500,40.1400,38.5500,39.3100,412100
2002-05-07,39.1000,39.9500,38.8200,39.4800,497600
2002-05-06,40.2900,40.5000,38.7700,39.3000,355000
2002-05-03,41.3800,41.4000,39.9500,40.3000,324400
2002-05-02,41.1500,41.6800,40.2500,41.3800,387500
2002-05-01,42.0000,42.3700,39.8000,41.1900,546400
2002-04-30,40.6500,42.2000,40.6500,41.3300,215200
2002-04-29,41.3000,41.3000,40.3500,40.4400,307600
2002-04-26,42.2000,42.5000,40.8400,41.1000,404900
2002-04-25,43.5000,43.5000,42.0500,42.1600,286400
2002-04-24,43.2900,44.3000,43.0600,43.8000,288900
2002-04-23,42.7000,43.8600,42.6000,43.2900,242200
2002-04-22,43.2000,43.4500,42.4700,42.5100,218500
2002-04-19,44.6000,44.9500,42.3000,43.0300,354500
2002-04-18,43.1500,44.6200,42.9500,44.5700,175400
2002-04-17,43.8500,44.4500,42.6600,43.1600,261200
2002-04-16,42.7500,43.8600,42.0500,43.8500,318400
2002-04-15,42.8200,43.0000,42.0500,42.6000,138000
2002-04-12,42.2400,42.8500,41.5700,42.7400,126500
2002-04-11,43.7000,43.9900,41.5500,42.1600,215600
2002-04-10,42.2000,43.8500,42.2000,43.7300,198200
2002-04-09,41.9000,42.6800,41.5500,42.2100,175200
2002-04-08,41.2000,42.7100,40.8700,42.0900,182500
2002-04-05,41.0500,42.1000,41.0500,41.4500,118100
2002-04-04,41.1400,41.8100,40.7500,41.2900,120200
2002-04-03,41.4500,41.6000,41.0600,41.1300,205000
2002-04-02,41.1500,41.8500,40.8000,41.4300,266900
2002-04-01,42.0000,42.0000,40.0500,41.2200,363400
2002-03-28,41.5000,41.8400,40.2500,40.7900,190500
2002-03-27,42.0000,42.0000,41.3000,41.4200,184400
2002-03-26,40.7500,41.8200,40.7500,41.5900,239100
2002-03-25,42.3000,42.3000,40.7100,40.8500,170700
2002-03-22,41.9500,42.7400,41.5000,42.2000,340300
2002-03-21,42.9000,42.9000,41.3000,42.1800,202500
2002-03-20,42.9000,43.8700,42.4700,42.9100,239400
2002-03-19,42.8000,44.0000,42.6400,43.9100,301600
2002-03-18,43.4000,43.9000,42.1000,42.8100,183400
2002-03-15,42.5800,43.2100,41.6100,43.0500,338400
2002-03-14,43.0000,43.0000,41.8500,42.5100,239100
2002-03-13,43.2000,44.0000,42.9500,42.9900,523000
2002-03-12,43.2000,43.2000,40.8000,42.9800,405400
2002-03-11,42.0000,42.6600,40.7500,41.1400,662600
2002-03-08,41.7500,42.4400,41.2300,41.6200,382700
2002-03-07,40.5000,42.1000,40.4500,41.4000,499300
2002-03-06,39.1000,40.6000,38.9000,40.2900,302900
2002-03-05,40.1100,40.7600,38.8700,39.1900,277700
2002-03-04,38.4000,40.2100,38.3000,40.1100,267600
2002-03-01,37.8500,39.2500,36.6000,38.4000,356600
2002-02-28,39.6000,40.0000,37.6400,37.9100,362400
2002-02-27,38.2500,39.9900,38.2500,39.8900,550000
2002-02-26,38.7500,39.6000,37.0000,38.2500,463500
2002-02-25,36.9000,39.2000,36.9000,38.7800,402200
2002-02-22,36.0500,37.5500,35.7000,37.3700,308400
2002-02-21,34.9400,36.5100,34.6000,36.2400,326500
2002-02-20,35.5700,35.5700,34.3000,34.9300,258400
2002-02-19,35.1900,35.6500,35.0500,35.3500,148300
2002-02-15,35.8800,35.8800,35.0200,35.4400,221400
2002-02-14,34.5400,35.1500,34.2500,35.1000,355400
2002-02-13,33.7500,34.4000,33.3500,34.2900,261400
2002-02-12,35.1800,35.1800,32.8600,33.7600,631600
2002-02-11,33.7000,35.2500,32.5000,34.8800,803700
2002-02-08,30.4000,32.2100,30.4000,31.7000,594800
2002-02-07,29.3400,29.9400,29.1000,29.6600,387800
2002-02-06,29.9500,30.0700,29.2500,29.5900,268700
2002-02-05,29.9900,30.1700,29.0300,29.7100,340000
2002-02-04,31.5000,31.5000,29.7500,29.9900,201800
2002-02-01,32.0500,32.0500,30.8500,31.6200,433900
2002-01-31,31.9200,32.3200,31.4800,32.0500,694700
2002-01-30,31.9000,32.5600,30.2500,31.9200,368800
2002-01-29,32.3000,32.6000,31.5500,32.0100,333500
2002-01-28,32.5500,32.5500,32.0000,32.3700,189700
2002-01-25,31.3500,32.3900,31.2000,32.3800,749600
2002-01-24,31.3000,31.9300,30.7800,31.5700,330900
2002-01-23,31.8000,31.8000,30.2500,31.2600,738900
2002-01-22,31.8000,32.2000,30.0000,30.4800,559500
2002-01-18,32.1700,32.5000,31.5000,31.5500,415100
2002-01-17,30.5500,32.7500,30.2000,32.1700,1685000
2002-01-16,33.2500,33.9000,29.5600,29.8200,2670100
2002-01-15,35.3000,35.5000,33.8300,34.2900,663300
2002-01-14,35.6000,35.9000,35.0800,35.1900,512000
2002-01-11,36.1900,36.1900,34.6700,35.6000,481500
2002-01-10,36.4000,36.4400,36.0300,36.1900,290800
2002-01-09,36.4000,37.1000,36.1800,36.4800,255000
2002-01-08,37.1500,37.2900,36.0000,36.2300,150700
2002-01-07,37.5500,37.7200,36.5900,37.2400,146100
2002-01-04,37.9500,37.9500,36.1100,37.6300,231500
2002-01-03,37.7500,37.7500,36.2100,37.0400,265900
2002-01-02,36.9500,37.2400,36.3200,36.9000,412900
2001-12-31,37.7500,37.7500,36.2500,37.4000,298100
2001-12-28,37.0000,37.2500,36.7400,37.1500,217100
2001-12-27,36.5100,36.9200,35.7300,36.0300,241900
2001-12-26,35.7500,36.6500,35.7500,36.4100,140600
2001-12-24,35.4000,36.6400,35.3900,35.8300,266100
2001-12-21,38.1500,38.2000,35.1400,35.4000,1086900
2001-12-20,37.4500,38.4800,37.0500,37.9100,280000
2001-12-19,36.4000,38.9500,36.2500,37.7000,435300
2001-12-18,36.4000,37.1900,36.2200,36.4200,233400
2001-12-17,35.7500,36.4800,35.3400,36.1600,375000
2001-12-14,35.8000,36.4000,34.8500,36.3000,783600
2001-12-13,35.6000,36.9500,35.3000,36.2000,721700
2001-12-12,39.5200,39.9500,34.8200,35.9700,1569600
2001-12-11,38.6400,39.6600,38.5900,39.5100,220700
2001-12-10,38.9300,39.2500,38.3500,38.6400,171900
2001-12-07,39.5000,39.5000,38.5000,38.9300,319700
2001-12-06,40.4000,40.4000,39.2500,39.4500,225200
2001-12-05,39.4400,40.2500,39.4400,39.9500,237900
2001-12-04,38.1000,39.4000,38.1000,39.3400,107400
2001-12-03,38.2100,38.2100,37.3700,38.1000,283200
2001-11-30,37.7500,39.0000,37.7500,37.8500,200900
2001-11-29,39.0000,40.1100,37.5000,37.7100,610700
2001-11-28,39.0000,39.0000,38.2000,38.7900,316300
2001-11-27,38.9700,39.5500,37.9400,39.3400,181300
2001-11-26,38.1000,38.9000,37.0600,38.7200,213400
2001-11-23,38.0500,38.0500,37.0400,37.9100,40000
2001-11-21,38.7600,38.7600,36.9000,37.8000,156500
2001-11-20,37.0500,38.6900,37.0500,38.6000,256700
2001-11-19,37.0000,37.6900,36.3500,37.5400,227700
2001-11-16,37.7500,38.0800,35.8300,36.8100,996300
2001-11-15,39.5500,40.0000,38.2000,38.6000,278200
2001-11-14,42.5200,42.9900,38.5000,39.4700,497400
2001-11-13,41.0000,43.4300,40.0000,42.5100,501100
2001-11-12,39.1500,40.9000,38.7000,40.6500,138300
2001-11-09,40.7500,40.7500,38.5000,39.0200,392200
2001-11-08,42.0500,42.1500,40.3800,40.7500,344000
2001-11-07,42.1500,42.1500,39.0400,42.0500,286200
2001-11-06,39.4000,39.5800,38.6000,39.5700,206900
2001-11-05,38.8300,39.5000,38.6500,39.3200,495600
2001-11-02,37.6500,38.9700,37.3500,38.6300,570900
2001-11-01,38.0000,38.1300,36.1500,37.6500,646700
2001-10-31,38.5000,40.9000,36.3500,37.2200,1907200
2001-10-30,43.2500,43.2500,40.5000,40.6800,455700
2001-10-29,45.6500,45.6500,44.6200,44.8700,165500
2001-10-26,45.2500,46.3500,44.2100,45.6500,211300
2001-10-25,43.1000,45.9200,42.3500,45.8000,172600
2001-10-24,43.4900,43.4900,42.6500,43.3200,112400
2001-10-23,44.7800,45.0900,43.0600,43.4000,183200
2001-10-22,43.4000,45.0000,43.4000,44.7700,191500
2001-10-19,43.3000,43.4700,42.1000,42.9800,226900
2001-10-18,44.5000,44.7300,43.2500,43.4700,160500
2001-10-17,46.4000,47.2500,44.3500,44.6100,234600
2001-10-16,45.9500,46.9100,45.7600,46.2800,93300
2001-10-15,45.7000,45.9200,44.9500,45.7000,128300
2001-10-12,46.9900,47.8000,45.0000,45.5000,338900
2001-10-11,45.8000,47.4500,45.1600,46.9800,513200
2001-10-10,45.0000,45.7000,44.7000,45.1500,397700
2001-10-09,45.4000,45.4000,42.6000,45.0900,431600
2001-10-08,42.3000,42.3000,41.3000,42.2900,148800
2001-10-05,43.8000,43.8000,41.0000,42.1600,438100
2001-10-04,45.8000,45.8000,42.5000,44.1700,550800
2001-10-03,43.2100,43.2100,39.1900,43.0400,380600
2001-10-02,39.2000,40.2300,38.0500,39.1600,310400
2001-10-01,38.5100,39.9000,38.5000,39.0000,338200
2001-09-28,37.7100,39.0500,37.4000,38.5000,254400
2001-09-27,37.7500,38.0000,36.8800,37.6600,230000
2001-09-26,38.2000,38.2000,36.3100,37.5000,385800
2001-09-25,36.9500,36.9500,36.9500,36.9500,404500
2001-09-24,38.9000,38.9000,36.5000,36.9500,451000
2001-09-21,36.9000,36.9000,35.0500,36.0600,355800
2001-09-20,36.9900,36.9900,35.1900,36.1700,477000
2001-09-19,41.0000,41.0000,36.1000,37.3100,455700
2001-09-18,42.0000,42.1000,40.1400,40.6500,181000
2001-09-17,40.5000,42.9000,40.0000,42.3200,293200
2001-09-10,41.5500,43.0000,41.2600,42.5000,156400
2001-09-07,43.0000,43.1600,41.7300,41.7600,187600
2001-09-06,44.2500,44.4900,43.6300,43.7500,164700
2001-09-05,44.0000,45.4000,43.2500,44.8000,759200
2001-09-04,45.4300,45.7100,43.9000,44.0000,405400
2001-08-31,44.5500,45.5500,44.3600,45.3300,300600
2001-08-30,45.7400,45.7400,44.3200,44.5100,394600
2001-08-29,44.8500,45.8100,44.5800,45.0500,503500
2001-08-28,44.4000,44.4000,42.8500,43.7600,417500
2001-08-27,43.3200,44.8300,43.1100,44.4000,275100
2001-08-24,42.4100,43.5000,42.1300,43.3200,299900
2001-08-23,41.6000,42.6000,41.1000,42.4000,518300
2001-08-22,40.8400,41.6300,39.6900,41.6000,440400
2001-08-21,39.8000,41.7500,39.8000,40.8000,367300
2001-08-20,38.5100,38.5100,38.5100,38.5100,216400
2001-08-17,39.2600,39.2600,37.9000,38.5100,274400
2001-08-16,38.0000,39.3900,37.3600,39.3600,170800
2001-08-15,38.5500,38.6000,36.8500,38.0600,415500
2001-08-14,38.2000,38.6800,38.0400,38.5800,476600
2001-08-13,38.0500,38.4000,37.5200,37.9800,304000
2001-08-10,37.9000,38.7400,37.2100,38.1200,126000
2001-08-09,37.3100,38.4000,37.1200,37.9800,276800
2001-08-08,37.0000,37.9800,36.2800,37.5100,705500
2001-08-07,38.3500,38.7000,37.6400,37.6600,238000
2001-08-06,38.8000,39.1500,37.8000,38.5000,343800
2001-08-03,39.3000,39.8000,38.6000,39.2800,764300
2001-08-02,38.1000,39.3300,37.5000,39.1600,671000
2001-08-01,39.5000,39.8000,37.4500,37.6400,1428800
2001-07-31,38.7800,40.3000,38.7500,39.5300,325600
2001-07-30,38.5700,39.0600,38.5700,38.7900,484800
2001-07-27,37.7500,38.9000,37.2600,38.5800,352100
2001-07-26,37.1000,37.6000,36.2000,37.5000,421100
2001-07-25,37.2500,37.7300,36.6500,37.1600,380400
2001-07-24,38.4000,38.7000,36.6000,37.2600,716100
2001-07-23,39.7500,40.3000,38.0000,38.4000,356500
2001-07-20,40.0000,40.1500,39.5500,39.7800,253500
2001-07-19,39.3000,41.1900,39.3000,40.1000,553500
2001-07-18,35.6000,39.5500,35.6000,39.4000,639000
2001-07-17,37.5700,37.8000,35.1500,35.3000,1771600
2001-07-16,40.1000,40.4400,36.8000,37.5700,739000
2001-07-13,40.0000,40.5400,39.6000,39.9800,446500
2001-07-12,40.4000,41.2800,39.7000,40.0000,765300
2001-07-11,40.9000,41.0600,39.1200,39.3100,549200
2001-07-10,41.5000,41.8000,40.8000,41.0400,272100
2001-07-09,42.2300,42.2900,40.2500,41.0100,836700
2001-07-06,41.0000,42.7000,40.2500,42.2900,1415400
2001-07-05,45.0000,45.0000,39.7000,39.9600,1425700
2001-07-03,45.4000,45.6000,45.0900,45.4900,376600
2001-07-02,45.4000,45.5500,45.2900,45.4500,539500
2001-06-29,44.0000,46.1500,44.0000,45.1500,789100
2001-06-28,43.6800,45.1000,43.0500,44.0600,540200
2001-06-27,43.6000,44.4000,43.0600,43.6800,348700
2001-06-26,42.5000,44.5000,42.5000,43.8500,585800
2001-06-25,45.2900,46.2000,43.4800,43.7000,679400
2001-06-22,44.0000,45.5000,43.2800,45.0400,3531600
2001-06-21,45.0000,48.8400,44.8600,48.7800,2371000
2001-06-20,52.2000,53.1000,44.9600,45.0000,1989200
2001-06-19,53.6000,54.8500,52.0700,52.0700,416300
2001-06-18,52.6500,53.7400,52.5100,53.1800,427500
2001-06-15,52.6000,53.7500,52.0600,53.0000,997400
2001-06-14,54.3700,54.3700,53.1000,53.7200,586500
2001-06-13,52.3000,54.7200,52.3000,54.1200,575500
2001-06-12,51.8600,52.4900,51.4500,52.1400,461500
2001-06-11,53.3000,53.4900,51.7600,52.1100,343300
2001-06-08,53.0000,53.8500,52.5800,53.1500,425600
2001-06-07,52.2500,53.2100,52.0000,52.7500,792100
2001-06-06,54.7600,54.7600,52.5000,52.8000,544300
2001-06-05,57.5000,57.6700,54.5000,54.7600,693900
2001-06-04,57.9600,58.5500,57.3100,57.4000,388700
2001-06-01,58.5400,58.8000,56.9500,57.7100,464700
2001-05-31,58.4000,59.5000,58.1900,58.3200,529900
2001-05-30,57.9600,58.7300,56.5000,58.2700,538200
2001-05-29,58.2500,59.0000,57.4000,58.2100,355800
2001-05-25,60.5000,60.7000,58.1500,58.2500,396200
2001-05-24,60.6500,61.0600,57.7100,60.5500,780600
2001-05-23,62.6400,62.6400,60.2700,60.5400,721500
2001-05-22,58.8100,63.2000,58.8000,62.6500,1424600
2001-05-21,58.2000,58.8900,57.9000,58.8100,779800
2001-05-18,58.8000,59.0400,57.7100,58.5000,845000
2001-05-17,57.0000,59.8500,57.0000,59.0000,1800900
2001-05-16,53.9400,57.0000,53.6600,56.9000,1939000
2001-05-15,53.4000,53.9000,53.3800,53.7100,286900
2001-05-14,53.5100,54.1000,53.5000,53.9800,317600
2001-05-11,54.3500,54.8000,53.3500,53.7600,408700
2001-05-10,51.9300,54.8900,51.8800,54.3500,929000
2001-05-09,52.2000,52.4500,51.2100,51.6800,359300
2001-05-08,52.2000,52.7500,51.8000,52.0900,540800
2001-05-07,52.4000,53.2500,51.8100,51.9800,596000
2001-05-04,49.9500,52.4000,49.0000,52.4000,867100
2001-05-03,51.6000,51.6000,50.3000,51.0000,828600
2001-05-02,54.0000,54.5000,51.4600,51.7000,1249000
2001-05-01,52.8000,54.8000,51.5000,54.6500,634400
2001-04-30,54.9000,54.9100,52.2600,52.7100,1253500
2001-04-27,54.2500,54.2500,54.2500,54.2500,630800
2001-04-26,52.0000,54.5000,51.9600,54.2500,1720200
2001-04-25,47.5000,51.7000,47.5000,51.7000,1670000
2001-04-24,45.8000,48.9400,45.8000,48.2000,1389900
2001-04-23,43.7500,45.5500,43.7500,45.5500,412800
2001-04-20,45.2500,45.4900,44.9000,45.1300,321400
2001-04-19,45.2500,45.3300,44.6400,45.0000,226000
2001-04-18,44.3500,45.4500,44.3500,45.2400,828200
2001-04-17,43.7500,44.5400,43.6000,44.5000,475200
2001-04-16,42.6500,44.1000,42.6500,44.0000,320900
2001-04-12,41.9000,42.6000,41.6200,42.1600,185000
2001-04-11,42.4900,42.6500,41.8900,42.0500,223500
2001-04-10,42.1100,43.0000,42.0500,42.6900,399400
2001-04-09,41.0000,42.1500,41.0000,41.9700,281800
2001-04-06,42.2500,42.3200,40.6100,40.9700,180900
2001-04-05,42.6500,42.9900,42.1400,42.3200,151300
2001-04-04,41.4300,42.5000,41.4000,42.2200,482700
2001-04-03,43.3000,43.5000,41.0500,41.4300,336900
2001-04-02,43.7000,44.5800,42.7000,43.2300,586700
2001-03-30,45.7500,46.0000,44.4000,44.5000,1787000
2001-03-29,42.0800,45.4900,42.0800,45.2700,1605200
2001-03-28,42.3800,42.7000,42.0400,42.0800,379200
2001-03-27,41.6000,41.8900,41.4000,41.8800,338000
2001-03-26,41.2000,42.1500,41.1000,41.5400,279000
2001-03-23,40.9000,41.7500,40.7000,41.4100,440500
2001-03-22,42.1300,42.5900,39.4000,40.3200,426500
2001-03-21,43.7500,43.7500,42.1500,42.3800,298500
2001-03-20,43.7000,44.1000,43.4500,43.4600,266500
2001-03-19,44.2000,44.8500,43.5000,43.6400,388100
2001-03-16,44.1000,44.3500,43.5800,44.1000,995300
2001-03-15,43.2000,45.0700,43.1000,44.9600,620300
2001-03-14,44.5000,45.3500,42.5000,42.9700,811000
2001-03-13,46.2500,46.4500,44.1000,45.0000,506100
2001-03-12,46.2500,47.0000,46.0500,46.2100,682800
2001-03-09,46.0000,46.9900,45.8100,46.8400,1146800
2001-03-08,44.7000,47.5000,44.7000,46.7500,1298200
2001-03-07,42.5000,45.3000,42.5000,44.8000,1223600
2001-03-06,44.5000,45.7800,42.0000,43.0600,1928200
2001-03-05,41.0000,47.0000,40.2000,46.3500,1499400
2001-03-02,38.1500,40.5000,38.0500,40.4100,551300
2001-03-01,38.7500,39.0000,37.3700,38.2500,367400
2001-02-28,38.0000,39.2000,37.9700,38.1200,402400
2001-02-27,38.5000,38.9800,38.3300,38.4800,417900
2001-02-26,37.5000,40.0000,37.5000,39.5000,1080400
2001-02-23,36.7100,37.1500,36.7000,37.0500,456500
2001-02-22,36.1000,36.7500,35.6700,36.7100,317800
2001-02-21,36.2000,36.5600,36.0700,36.1000,181800
2001-02-20,37.5100,37.8900,36.2000,36.2000,201300
2001-02-16,38.0000,38.3000,37.2400,37.5400,223000
2001-02-15,38.9000,39.4300,38.8600,39.1800,251100
2001-02-14,38.7000,39.1000,38.4500,38.7000,279500
2001-02-13,38.6000,39.9000,38.4600,39.1900,484400
2001-02-12,38.5200,39.4700,38.2600,39.4000,390800
2001-02-09,37.6300,38.5200,37.3000,38.5200,377500
2001-02-08,36.0000,38.0100,35.8900,38.0100,599200
2001-02-07,35.0100,36.4500,35.0100,36.2200,414900
2001-02-06,33.1900,35.1900,33.1900,35.0100,363300
2001-02-05,33.9200,35.3500,33.7000,33.7000,332500
2001-02-02,34.4000,35.2500,34.1000,34.1200,519800
2001-02-01,31.6000,36.0000,31.6000,34.5100,716700
2001-01-31,31.2000,32.5400,31.2000,32.4400,316600
2001-01-30,32.5700,32.5700,31.7000,31.8200,188600
2001-01-29,33.0200,33.1800,32.7500,32.8200,386200
2001-01-26,33.1900,33.4400,33.0600,33.1900,322700
2001-01-25,32.5000,33.2500,32.5000,33.1900,204100
2001-01-24,32.5000,32.6900,32.0000,32.5600,239900
2001-01-23,32.2500,32.6300,32.0000,32.6300,291500
2001-01-22,32.4400,32.8800,32.1900,32.4400,184200
2001-01-19,33.1900,33.3800,32.8100,32.9400,255600
2001-01-18,33.2500,33.5600,33.0600,33.4400,399100
2001-01-17,33.0000,33.7500,32.8800,33.4400,205300
2001-01-16,32.7500,33.1300,32.7500,33.0000,270500
2001-01-12,33.3100,33.4400,33.2500,33.2500,401300
2001-01-11,33.5600,33.6900,33.1900,33.4400,261700
2001-01-10,33.3100,33.6300,33.2500,33.5600,207100
2001-01-09,33.4400,33.6300,33.3100,33.5600,211100
2001-01-08,34.0000,34.0600,33.5000,33.6900,921800
2001-01-05,34.4400,34.6900,33.5000,33.6300,678800
2001-01-04,34.6300,34.7500,34.2500,34.6300,262600
2001-01-03,34.8800,35.1300,34.3100,34.7500,412100
2001-01-02,33.0000,34.6300,33.0000,34.2500,285200
2000-12-29,33.0600,33.3100,31.7500,33.0600,269900
2000-12-28,32.6900,33.2500,32.6300,33.1900,158100
2000-12-27,32.4400,33.0600,32.4400,33.0600,210500
2000-12-26,32.5600,32.8800,32.1200,32.3100,139300
2000-12-22,29.5000,33.1900,29.5000,32.6900,292600
2000-12-21,29.3800,29.3800,28.7500,28.8800,121700
2000-12-20,30.0000,30.0000,29.2500,29.5000,21200
2000-12-19,30.0000,30.5000,30.0000,30.2500,1800
2000-12-18,29.5000,30.2500,29.5000,30.2500,11600
2000-12-15,30.1200,30.2500,29.5000,29.5000,41500
2000-12-14,30.6200,30.6200,30.5000,30.5000,1400
2000-12-13,30.5000,30.7500,30.5000,30.7500,1200
2000-12-12,29.7500,30.2500,29.7500,30.2500,1800
2000-12-11,29.8800,30.3800,29.6200,30.3800,16300
2000-12-08,29.8800,30.0000,29.8800,30.0000,2100
2000-12-07,30.0000,30.0000,29.6200,29.6200,1300
2000-12-06,30.0000,30.3800,30.0000,30.0000,5200
2000-12-05,31.0000,31.0000,30.0000,30.2500,6400
2000-12-04,27.7500,30.0000,27.2500,30.0000,15500
2000-12-01,21.0000,28.1200,21.0000,27.0000,11600
